@v_choice
$Dim[69]
#
%0.00834928,0.0808773,0.0632148,5.98657e-05,0.0854431,0.0569302,0.00626006,0.0280844,0.00646643,0.00270041,4.7112e-05,0.047878,4.49943e-07,0,0.0464782,0.00055193,0.0657945,0.0182196,0.000792602,0.00418794,0,0,0.0250585,0.0555761,0.0133151,0.0418069,2.11745e-07,0,0.0539636,0.0174321,0,0.000139246,0.00020753,0.00120057,0.0246277,0.0186331,0.0535908,0.0109955,0.000273419,0.00342241,0.0125032,0.0277144,0.00661541,0.00652872,0,8.66938e-05,0,0.000357868,0.00201621,0.0216829,0.000524147,0.0012604,0.000560176,0,0.00327036,0.00389032,0.00190215,0,0.000460143,0.0120432,0.0125912,0.0138977,0.0154291,7.57429e-05,0.00853602,7.53946e-10,0.00460057,0,0.000874471
@j_choice
$Dim[69,7]
#[v_choice,0]
%0,0.178896,0.206565,0.614539,0,0,0
#[v_choice,1]
%0.000930759,0.27374,0.205615,0.51932,8.76089e-05,0.000306995,0
#[v_choice,2]
%0.00113008,0.209983,0.229431,0.558904,0.000199236,0.000352644,0
#[v_choice,3]
%0,0,0,1,0,0,0
#[v_choice,4]
%0.00140489,0.255907,0.152064,0.589532,0.000135672,0.000957032,0
#[v_choice,5]
%0.000356357,0.212513,0.166161,0.619797,0.00046856,0.000702888,0
#[v_choice,6]
%0.00102036,0.232603,0.0993128,0.667064,0,0,0
#[v_choice,7]
%0.00166218,0.305406,0.192479,0.498316,0.000237454,0.00189964,0
#[v_choice,8]
%0,0.249598,0.114287,0.636115,0,0,0
#[v_choice,9]
%0,0.0473065,0.0667256,0.885968,0,0,0
#[v_choice,10]
%0,0.127969,0.581595,0.290436,0,0,0
#[v_choice,11]
%0.00125365,0.369296,0.113869,0.515163,0.00027861,0.000139286,0
#[v_choice,12]
%0,0,0,1,0,0,0
#[v_choice,13]
%0,0,0,0,0,0,0
#[v_choice,14]
%0.00147195,0.505631,0.0989743,0.393776,0.000146709,0,0
#[v_choice,15]
%0,0.462314,0.0336903,0.503995,0,0,0
#[v_choice,16]
%0.00179157,0.468006,0.0943576,0.435433,0.000411951,0,0
#[v_choice,17]
%0.00259268,0.42642,0.13624,0.434747,0,0,0
#[v_choice,18]
%0,0.507713,0.0586226,0.433665,0,0,0
#[v_choice,19]
%0.00318474,0.314253,0.201183,0.48138,0,0,0
#[v_choice,20]
%0,0,0,0,0,0,0
#[v_choice,21]
%0,0,0,0,0,0,0
#[v_choice,22]
%0.0025383,0.135468,0.0927684,0.7686,0.00062438,9.2984e-09,0
#[v_choice,23]
%0.000780579,0.420553,0.0901374,0.487326,0.000463073,0.000739614,0
#[v_choice,24]
%0.00180756,0.584995,0.220165,0.191211,0.000356167,0.00146528,0
#[v_choice,25]
%0.000638054,0.546262,0.115091,0.337371,0.000478554,0.000159514,0
#[v_choice,26]
%0,0.88356,0.11644,0,0,0,0
#[v_choice,27]
%0,0,0,0,0,0,0
#[v_choice,28]
%0.00160653,0.478251,0.389778,0.129994,0,0.000370737,0
#[v_choice,29]
%0.000765113,0.311612,0.00989636,0.67696,0.000765695,0,0
#[v_choice,30]
%0,0,0,0,0,0,0
#[v_choice,31]
%0,0,0,1,0,0,0
#[v_choice,32]
%0,0,0,1,0,0,0
#[v_choice,33]
%0,0.111063,0.10268,0.752929,0.0333279,0,0
#[v_choice,34]
%0.00297861,0.431244,0.180933,0.384573,0.000270788,0,0
#[v_choice,35]
%0.000770471,0.40644,0.116336,0.476454,0,0,0
#[v_choice,36]
%0.000821461,0.322438,0.271814,0.403558,0.000248878,0.00111995,0
#[v_choice,37]
%0.00196865,0.207081,0.34153,0.44942,0,0,0
#[v_choice,38]
%0,0.196431,0.028692,0.774877,0,0,0
#[v_choice,39]
%0.00892834,0.363451,0.298605,0.328758,0,0.000257543,0
#[v_choice,40]
%2.57988e-07,0.284805,0.197923,0.515743,0,0.0015296,0
#[v_choice,41]
%0.00106296,0.109137,0.448883,0.440918,0,0,0
#[v_choice,42]
%0,0.303763,0.0190772,0.67716,0,0,0
#[v_choice,43]
%0,0.371478,0.330252,0.297249,0,0.00102145,0
#[v_choice,44]
%0,0,0,0,0,0,0
#[v_choice,45]
%0,0.591274,0.0716164,0.33711,0,0,0
#[v_choice,46]
%0,0,0,0,0,0,0
#[v_choice,47]
%0,0.256606,0.0140613,0.729332,0,0,0
#[v_choice,48]
%0.00330758,0.18884,0.203321,0.604532,6.87921e-23,0,0
#[v_choice,49]
%1.54421e-09,0.242114,0.138388,0.618575,0,0.000922679,0
#[v_choice,50]
%0,0,0,1,0,0,0
#[v_choice,51]
%0,0.176945,0.245031,0.578024,0,0,0
#[v_choice,52]
%0,0.125922,0.18921,0.684868,0,0,0
#[v_choice,53]
%0,0,0,0,0,0,0
#[v_choice,54]
%0,0.161739,0.14059,0.690182,0.00748905,0,0
#[v_choice,55]
%0,0.0965193,0.118634,0.784847,0,0,0
#[v_choice,56]
%0,0.0377416,0.107956,0.853153,0.00114923,0,0
#[v_choice,57]
%0,0,0,0,0,0,0
#[v_choice,58]
%0,0.0705165,0.104043,0.738484,0.0869564,0,0
#[v_choice,59]
%0.00111151,0.0945392,0.238459,0.664958,0.000932347,0,0
#[v_choice,60]
%0,0.091887,0.274163,0.63075,0.00320064,0,0
#[v_choice,61]
%0.00239924,0.175918,0.0210545,0.800148,0,0.000479847,0
#[v_choice,62]
%0.00043222,0.22123,0.0772405,0.701097,0,5.51336e-37,0
#[v_choice,63]
%0,0.169952,0.00258441,0.827464,0,0,0
#[v_choice,64]
%0.000781251,0.0941596,0.0225674,0.882492,0,0,0
#[v_choice,65]
%0,0,0,1,0,0,0
#[v_choice,66]
%0.00144955,0.26785,0.0926441,0.622112,0.015945,0,0
#[v_choice,67]
%0,0,0,0,0,0,0
#[v_choice,68]
%0,0.370274,0.0276004,0.602125,0,0,0
@v_3_del
$Dim[69,21]
#[v_choice,0]
%0,0,0,0.0125288,0,0.199828,0.146331,0.514165,0.126017,0.00113014,0,0,0,8.59437e-09,6.36483e-40,3.96324e-45,0,0,0,0,0
#[v_choice,1]
%0,0.00293153,0.0321364,0.0647798,0.100201,0.114023,0.13186,0.151562,0.262206,0.0382,0.0421708,0.012885,0.0128282,0.00495511,0.00825481,0.00198497,0.0044487,0.00236749,0.00168809,0.000692286,0.00982396
#[v_choice,2]
%0,0.0035342,0.0356481,0.0655491,0.115292,0.135774,0.129333,0.174768,0.238347,0.0272498,0.0368446,0.00698243,0.00945208,0.00388063,0.00563417,0.00169176,0.0031479,0.00130994,0.00099637,0.000704493,0.00386027
#[v_choice,3]
%0,0,0,0,0,0,0,0,0,0,0,0,0.47965,0,0.52035,3.51105e-10,1.39217e-39,0,0,0,0
#[v_choice,4]
%0,1.07585e-05,1.03205e-06,0.00251029,0.145328,0.122258,0.118624,0.448196,0.121351,0.00108265,0.0171188,0.00530255,0.00584491,0.00314432,0.00287396,0.00119275,0.00264955,0,0.000967178,0,0.00154263
#[v_choice,5]
%0,0,0,0.0137971,0.085047,0.160298,0.109974,0.389545,0.16703,0.00900156,0.0171738,0.0141821,0.00751754,0.00615542,0.00654744,0.00199979,0.00625912,0.00316365,0.00133823,0,0.000969245
#[v_choice,6]
%0,0.00125574,0,0.0111278,0.133915,0.208338,0.108495,0.336877,0.155106,0,0.00861072,0.0150904,0.00728137,0.0112564,0.00264649,1.13867e-16,2.53039e-44,0,0,0,0
#[v_choice,7]
%0,0,0.0122813,0,0.199334,0.14047,0.0526078,0.305099,0.207691,0.0319328,0,0.0217633,0.0109044,0.00169681,0.00214926,0,0,0.00249469,0.0019447,0,0.00963191
#[v_choice,8]
%0,0,0.0149636,0.0119881,0,0.404886,0.0244936,0.385029,0,0.101405,0,0.0371324,0,0.0201012,1.00921e-11,2.13612e-24,0,0,0,0,0
#[v_choice,9]
%0,0,0,2.82553e-05,0.0348087,0.00717538,0.000202725,0.732607,0.178382,0,0.00729249,0.0269502,0.0115223,0,0,0,0.00103013,6.0567e-31,0,0,0
#[v_choice,10]
%0,0,0,0,0,0.65358,0.185134,0.011101,0.00138817,0.13039,0.0184071,0,9.35665e-18,0,2.37833e-15,0,3.40351e-30,2.97101e-65,0,0,0
#[v_choice,11]
%0.000385973,0,0.010186,0.0224825,0,0.195814,0.0999322,0.0381953,0.312456,0.0743839,0.0507871,0.00804313,0.045389,0.0331652,0.053788,0.0312311,0.0146466,2.80101e-08,0,0.00385521,0.00525908
#[v_choice,12]
%0,0,0,0,0,0,0,0,1,1.18384e-16,3.36896e-46,0,0,0,0,0,0,0,0,0,0
#[v_choice,13]
%0,0,0,0,0,0,0,0,0,0,0,0,0,0,0,0,0,0,0,0,0
#[v_choice,14]
%0,0.00438136,0.0157499,0.0543842,0.0372112,0.192645,0.121074,0.0745349,0.321323,0.0150747,0.0320797,0.0155625,0.0409672,0.00367627,0.015405,0.0174398,0.000279429,0.000321772,0.0312918,1.86393e-05,0.00657884
#[v_choice,15]
%0,0,0,0,0,0,0.296584,0.186602,0.516814,5.38959e-12,9.86164e-34,0,0,0,0,0,0,0,0,0,0
#[v_choice,16]
%0.000233439,0,0.0214685,0.0549017,0.0539143,0.19141,0.113152,0.0775856,0.304744,0.00248955,0.0322286,0.0189605,0.0409639,0.00224331,0.011647,0.0173379,5.78041e-06,0.0110099,0.0217998,0.0191178,0.00478734
#[v_choice,17]
%0.00149309,0.000320349,0.0152173,0.0661477,0.0408323,0.182898,0.113417,0.116473,0.347168,0.00774742,0.0367261,0,0.0447319,0.00797642,0.00315619,0.00792785,0.000171959,0.00334335,0,0,0.00425135
#[v_choice,18]
%0,0,0,0.0142605,0,0.136925,0.115818,0.00717988,0.463001,0,0.0728669,0,0.0447768,0.00664597,4.11291e-05,0.138485,5.15129e-25,0,0,0,0
#[v_choice,19]
%0,0,0,0.0160151,0,0.235631,0.0840151,0.040715,0.480789,0,0.0713851,0.0445172,0,0,0,0,0,0,0,0,0.026932
#[v_choice,20]
%0,0,0,0,0,0,0,0,0,0,0,0,0,0,0,0,0,0,0,0,0
#[v_choice,21]
%0,0,0,0,0,0,0,0,0,0,0,0,0,0,0,0,0,0,0,0,0
#[v_choice,22]
%0,0,0,0,0,3.9572e-05,0.043731,0.106268,0.00398509,0.582168,0.00234946,0.00825955,0,0.149003,0.0177409,0.0337987,0.00709614,0.0293794,0,0.0161805,3.92774e-07
#[v_choice,23]
%6.75633e-06,0,0.0117824,0.0305097,0,0.241485,0.0998859,0.069368,0.23999,0.0169462,0.00445905,0.105076,0.0450977,0.0615905,0.00639719,0.00560444,0.0318985,0.00731244,0.00912527,0,0.0134653
#[v_choice,24]
%0,1.99706e-05,0.0361537,0.0573332,0.101908,0.357919,0.0387966,0.138484,0.000537545,1.10407e-06,0.0630845,0.000166964,0.0226283,0.125246,0,0.0121628,0.00426063,0,0,0.0104172,0.0308808
#[v_choice,25]
%0,0,0.00307135,0.0200865,0,0.40924,0.0325025,0.111695,0.154419,0.119729,0.0326826,0.0331428,0.0294571,0.0185201,0.0105905,0.00823641,0.0104379,0.000752902,0,0.00231547,0.00312084
#[v_choice,26]
%0,0,0,0,0,0,0,0,0,0,0,0,0,0,0,1,7.90279e-11,0,0,0,5.59863e-27
#[v_choice,27]
%0,0,0,0,0,0,0,0,0,0,0,0,0,0,0,0,0,0,0,0,0
#[v_choice,28]
%0,0,0.00860425,0.000750103,0.0252298,0.16294,0.0758216,0.297328,0.218553,0.0337987,0.0640235,0.0420183,0.0330393,0.00119963,0.0112641,0.0182979,0.00623258,0,0.000582916,0.000316084,1.37604e-23
#[v_choice,29]
%0,0,0,0,0.377775,0.0157816,0.0499167,0.214868,0.152165,0.05524,0.0418229,0.0147964,0.0196213,0.0214691,0.00414586,0.00468079,0,0.00472895,0.000677389,4.71905e-05,0.0222633
#[v_choice,30]
%0,0,0,0,0,0,0,0,0,0,0,0,0,0,0,0,0,0,0,0,0
#[v_choice,31]
%0,0,0,0,0.989848,0.0101519,1.21604e-10,0,0,0,0,0,0,0,0,0,0,0,0,0,0
#[v_choice,32]
%0,0,0,0,0,0,0,0,0.746062,0.253938,2.1283e-15,0,0,0,0,0,0,0,0,0,0
#[v_choice,33]
%0,0.00763636,0,0.00725293,0.0161567,0.0334027,0.397378,0.0301222,0.113473,0.108331,0.213656,0.01982,0.0123352,2.85757e-05,0.023432,0.00723033,0,0.00974552,4.0016e-13,0,1.63334e-13
#[v_choice,34]
%0,0.0054237,0.0180022,0.0105538,0.204448,0.0709676,0.171883,0.164912,0.202054,0.0416412,0.0517486,0.000124233,0.0234169,0,0,0.00832131,0,0.00806706,2.30165e-05,0.0008223,0.0175901
#[v_choice,35]
%0,0,0.0186795,0.0188054,0.099472,0.0819704,0.26249,0.334883,0.0728164,0.0347953,0.0237363,0.0147406,0.00586917,0,0.00881782,0.00675433,0,0,0.00526703,0,0.0109024
#[v_choice,36]
%0,0,0.0283863,0.00799975,0.0736245,0.0382234,0.276878,0.316302,0.0994445,0.0576628,0.0329664,0.0140466,0.0129424,0.00147879,0.00344287,0.0141061,0.00179997,0.000404639,0.00664162,1.0291e-06,0.0136484
#[v_choice,37]
%0,0,0.0375092,0.000128212,0.0674169,0.0468754,0.270433,0.334355,0.0981033,0.0341883,0.0536497,0.0118051,0.0121464,0,0.00626063,0.00828328,0,0,0.00591047,0,0.0129354
#[v_choice,38]
%0,0,0.0146193,0.0255078,0.177848,0.0208694,0.354209,0.180934,0.0835761,0.142436,0,0,0,1.00025e-14,6.60577e-45,0,0,0,0,0,0
#[v_choice,39]
%0,0,0.00787389,0,1.30774e-08,0.0415796,0.451722,0.000955357,0.248048,0.112583,0.00288664,0.0257859,0.0580495,0,0,0.032725,0,0,6.54174e-07,0,0.0177898
#[v_choice,40]
%0,0.00489205,0.0285292,0,0,0.165093,0.741641,0,0,0,0.0448165,0.00217593,0.000107166,0,0,0.00842718,0,0,0,0,0.00431855
#[v_choice,41]
%0,0,0.771432,0.00550578,0.105107,0.0469392,0,0.0246572,4.66773e-07,0.0196887,0.000521176,5.52715e-05,0.0217022,0,0,1.29132e-06,0,0,0.00332529,0,0.0010643
#[v_choice,42]
%0,0,0.051779,0.00995599,0.198472,0.173167,0.172137,0.145007,0.177253,0.0595916,0,0,0.00847457,0,0.00204621,0,0.00211664,8.16376e-10,3.66841e-09,0,0
#[v_choice,43]
%0,0,0.000419354,0,0.046212,0.164684,0,0.35314,0.199284,0.0390436,0.147233,0,0,0,0,0.047156,0,0,0.00282746,2.09436e-08,1.67966e-14
#[v_choice,44]
%0,0,0,0,0,0,0,0,0,0,0,0,0,0,0,0,0,0,0,0,0
#[v_choice,45]
%0,0,0,0,0,0,0,0.0815535,0.0480319,0.135711,0.395186,0.285065,0,0.0544527,0,0,6.08649e-08,8.56344e-18,4.07175e-24,5.17225e-33,1.54796e-58
#[v_choice,46]
%0,0,0,0,0,0,0,0,0,0,0,0,0,0,0,0,0,0,0,0,0
#[v_choice,47]
%0,0,0.044123,0,0.307003,0,0,0.385174,0,0,0.215569,0,0,0.0231607,0.02497,1.0913e-42,4.74444e-69,0,0,0,0
#[v_choice,48]
%0,0,0,0,0.681238,0.0836026,0.0767602,0.0696111,0.0598527,1.83408e-05,0.00840134,0,0.010655,0.00986031,6.48982e-08,4.53118e-13,0,0,1.27626e-24,1.80548e-27,1.70603e-50
#[v_choice,49]
%1.31588e-05,0,0.00539545,0,0.185136,0.227553,0.0583434,0.274196,0.070972,0.128501,0.0199727,0.006809,0.00550848,0.00180419,0,0.00959103,0.00215941,0.00124845,0.000358392,0,0.00243861
#[v_choice,50]
%0,0,0,0,0,0,0,0,0,0.903254,0,0.0934512,0.00329476,1.55403e-09,8.5933e-15,1.03762e-34,0,0,0,0,0
#[v_choice,51]
%0,0,0,0.0121763,0.0315615,0.00195691,0.16286,0.143913,0.392561,0.168351,0.0655946,0.00211761,3.15963e-05,0,0.0146242,0.00425231,2.5202e-40,0,0,0,0
#[v_choice,52]
%0,0,0,0,0,0,0.136979,0.00437373,0.78401,0,0.0436653,1.60079e-12,0.0309723,0,0,0,6.54185e-08,0,1.14221e-11,1.32588e-26,1.06881e-48
#[v_choice,53]
%0,0,0,0,0,0,0,0,0,0,0,0,0,0,0,0,0,0,0,0,0
#[v_choice,54]
%0,0,0.00191699,0,0.00023101,0.00200414,0.0344377,0.00751627,0.772881,0.10497,0.00695303,0,0.0446743,0.00601782,0.0183983,4.671e-20,1.7106e-37,0,0,0,0
#[v_choice,55]
%0,0,0,0.00395077,0.00189077,0.002021,0.0335135,0.00787205,0.827537,0.0541996,0.00217455,0,0.0281739,9.09884e-05,0.0031993,0.0220841,0,5.28727e-05,0,0.0108495,0.00238976
#[v_choice,56]
%0,0,0.000195122,0,1.37974e-05,0.000133949,0.0287747,0.00237762,0.949082,3.96679e-05,0.000891644,0,0.0177815,0.000710319,7.93248e-08,0,0,0,0,0,0
#[v_choice,57]
%0,0,0,0,0,0,0,0,0,0,0,0,0,0,0,0,0,0,0,0,0
#[v_choice,58]
%0,0,0.0149759,0.0637087,0.218679,0.0900339,0.118312,0.338853,0.00984311,3.52812e-05,0.0136527,0,0.00849579,0.0468232,0.0765873,2.28288e-11,5.23627e-28,0,0,0,0
#[v_choice,59]
%0,0,0.0363405,0.00539807,0.264631,0.140571,0.217563,0.00931401,0.175442,0.0531447,0.00930832,0.0298538,0.0139746,0,0,0.0290077,0.00917003,0,0.000589462,0,0.0056915
#[v_choice,60]
%0,0.00968026,0,0,0.31932,0.14058,0.147147,0.127801,0.153249,0.0353928,0,0.0290363,0,0,0,0.0222427,0.00764685,0.00414528,0,3.20709e-05,0.0037277
#[v_choice,61]
%0,0.0111492,0.0770672,0.0808329,0.0845612,0.121297,0.0937702,0.00585743,0.265,0.120145,0.0964773,0.00439595,0.0107099,0.00972411,0.00398096,0,0.00543077,0.00379502,0,0.00580623,1.68669e-13
#[v_choice,62]
%0.000807214,0.00747504,0.0736144,0.0342878,0.0540894,0.311859,0.0327879,0.0461269,0.182057,0.117255,0.0868192,0.028595,0,0.0104006,0,0.00281818,1.45719e-06,5.20198e-06,0.0077616,0.000927725,0.00231133
#[v_choice,63]
%0,0,0.0862776,0,0,0.509559,0.113343,0.000385085,0.00288923,0.110547,0.176999,1.29594e-18,2.24792e-41,0,0,0,0,0,0,0,0
#[v_choice,64]
%0,4.56509e-06,0.000930016,2.02475e-05,0.156975,0.0457654,0.00386319,0.551937,0.077971,0.129619,0.00570532,0.00105839,0.0140167,6.05474e-05,0.00393915,0.00180262,0,0.00455226,0,0.000454278,0.00132602
#[v_choice,65]
%0,0,0,0.951021,0,0.0489788,0,1.03306e-10,4.87995e-19,1.62286e-29,0,0,5.00218e-35,3.02165e-67,3.47976e-94,0,0,0,0,0,0
#[v_choice,66]
%0,0,0,0.0020687,0.00253651,1.88694e-06,0,0.0424166,0.218938,0.248064,0.242141,0.138361,0.0488056,0.00446979,0.00858266,0.00848372,0,0.00310002,0.00639936,0,0.0256307
#[v_choice,67]
%0,0,0,0,0,0,0,0,0,0,0,0,0,0,0,0,0,0,0,0,0
#[v_choice,68]
%0,0,0,0,0,0,0.00589109,0,0,0.994109,6.40898e-18,2.68616e-28,0,0,0,0,0,0,0,0,0
@j_5_del
$Dim[7,23]
#[j_choice,0]
%0.0177727,0,2.23712e-09,0,0.453035,0.158448,0.0624309,0,0.266397,0.00810399,0.00777022,0.0204184,7.945e-40,6.88239e-111,8.77679e-132,1.02578e-185,0,0,2.27321e-157,0,7.88789e-71,8.56344e-103,0.00562455
#[j_choice,1]
%0,0,0.00378047,0.0824452,0.19998,0.293769,2.4163e-29,0.237607,0.0361801,0.118317,0.0105587,0.0168388,1.70053e-06,2.057e-34,2.81258e-08,2.31148e-07,3.14572e-26,6.30633e-06,2.61466e-05,0,0.000488173,9.18358e-07,6.59806e-18
#[j_choice,2]
%0,0,0.0122918,0.201923,0.28029,0.351521,0,0.123951,0.0146376,0.0132444,0.00139388,9.78925e-05,1.38318e-06,0,2.73701e-10,1.25887e-06,0,8.93992e-07,7.40847e-05,0,0.000570605,9.12963e-07,0
#[j_choice,3]
%0.00289477,0.000342009,0.0134318,0.00362393,0.415166,0.0766114,0.172967,0.232936,0.0616961,0.0166792,0.00289013,0.00036708,0.000111448,3.93109e-40,1.90353e-05,1.35088e-05,2.50051e-15,6.81901e-06,2.22926e-08,0,0.000223044,2.06192e-05,2.26485e-22
#[j_choice,4]
%0.0270431,0,0.00227156,0.00458776,0.0459979,0.144324,0.027563,0,0.412118,0.180296,0.00812187,0,1.23181e-11,0.0149208,0.00203838,0,0,0,0,0,0.0621192,0,0.0685981
#[j_choice,5]
%0,0,0.00594914,0.0804267,0.318328,0.125716,0.118773,0.137709,0.175665,0,7.89691e-32,0,3.82046e-42,1.60463e-71,4.88579e-85,0,2.0618e-102,0,0,0,0.0189358,0,0.0184963
#[j_choice,6]
%0,0,0,0,0,0,0,0,0,0,0,0,0,0,0,0,0,0,0,0,0,0,0
@vj_ins
$Dim[41]
#
%0.394419,0.163774,0.156065,0.113207,0.0764649,0.0270183,0.0195455,0.0129202,0.0086759,0.00224658,0.00594392,0.00305363,0.00311648,0.00472025,0.00135284,0.00146665,0.00223184,0.000590798,0.000786198,0.00050378,0.000113704,0.000305346,0.000252,0.000170548,0,0.000310337,0.000112644,0.000170807,7.13442e-05,3.8271e-05,9.35771e-05,2.80732e-05,3.7003e-05,3.65606e-05,5.32538e-08,0.000157663,0,0,0,0,0
@vj_dinucl
$Dim[16]
#
%0.250012,0.260084,0.260007,0.229897,0.141088,0.392768,0.162006,0.304139,0.193619,0.2291,0.352928,0.224353,0.148274,0.401835,0.171314,0.278577
