@v_choice
$Dim[69]
#
%0.00832465,0.137978,0.00487989,0.000551368,0.0858413,0.0556892,0.00746545,0.0281962,0.0066597,0.00272348,7.68044e-05,0.0478638,3.76887e-05,0,0.0524837,0.000545271,0.0573417,0.0206345,0.000792076,0.00399055,0,0,0.0345524,0.0521291,0.00694538,0.0414441,8.4013e-08,0,0.0540912,0.0173494,0,0.000120728,0.0002174,0.00112868,0.0249739,0.016499,0.0524351,0.0138169,0.000271456,0.0118143,0.00335323,0.0289274,0.006534,0.00659114,0,6.66732e-05,0,0.000439682,0.00195103,0.0211468,0.000893522,0.00135252,0.000585772,0,0.00499985,0.00397488,0.000297576,0,0.000476236,0.0174026,0.007576,0.0138776,0.0152193,0.000139428,0.00880565,4.7629e-06,0.00480619,0,0.000713406
@j_choice
$Dim[69,7]
#[v_choice,0]
%0,0.30257,0.0463543,0.651076,0,0,0
#[v_choice,1]
%0.000963682,0.428462,0.00492646,0.565204,0.000134509,0.000309709,0
#[v_choice,2]
%7.96276e-05,0.103814,0.465141,0.429854,0.00103648,7.46703e-05,0
#[v_choice,3]
%0,0,0,1,0,0,0
#[v_choice,4]
%0.00138698,0.379517,0.00392267,0.614174,0.000110958,0.000887696,0
#[v_choice,5]
%0.000248091,0.33899,0.0143073,0.645429,0.000427586,0.000598621,0
#[v_choice,6]
%0.00133896,0.334179,0.00574436,0.658738,0,0,0
#[v_choice,7]
%0.00135122,0.436696,0.00535652,0.554232,0.000337804,0.00202682,0
#[v_choice,8]
%0,0.325415,0.00523457,0.669351,0,0,0
#[v_choice,9]
%0,0.121946,0.00087255,0.877181,0,0,0
#[v_choice,10]
%0,0.17335,0.23354,0.59311,0,0,0
#[v_choice,11]
%0.00159229,0.48714,7.37492e-05,0.510696,0.00039809,9.94988e-05,0
#[v_choice,12]
%0,0,0,1,0,0,0
#[v_choice,13]
%0,0,0,0,0,0,0
#[v_choice,14]
%0.00143771,0.578982,5.83504e-05,0.418978,0.000544443,0,0
#[v_choice,15]
%0,0.446071,0,0.553929,0,0,0
#[v_choice,16]
%0.00164706,0.547911,9.01531e-06,0.449767,0.000666133,0,0
#[v_choice,17]
%0.00262666,0.554609,0.00173927,0.441025,0,0,0
#[v_choice,18]
%0,0.573809,0.00108083,0.42511,0,0,0
#[v_choice,19]
%0.00358025,0.517281,0.000454551,0.478684,0,0,0
#[v_choice,20]
%0,0,0,0,0,0,0
#[v_choice,21]
%0,0,0,0,0,0,0
#[v_choice,22]
%0.00219338,0.360109,5.43039e-05,0.636949,0.000413925,0.000280577,0
#[v_choice,23]
%0.000668094,0.509619,2.18371e-06,0.488394,0.000576506,0.000740469,0
#[v_choice,24]
%0.00258845,0.7645,0.00676391,0.225544,0,0.000603765,0
#[v_choice,25]
%0.000689467,0.637706,0.000192145,0.360953,0.000344733,0.000114911,0
#[v_choice,26]
%0,1,0,0,0,0,0
#[v_choice,27]
%0,0,0,0,0,0,0
#[v_choice,28]
%0.00132066,0.812182,0.000350014,0.185883,0,0.000264131,0
#[v_choice,29]
%0.0013725,0.341786,0.00033914,0.655405,0.001098,0,0
#[v_choice,30]
%0,0,0,0,0,0,0
#[v_choice,31]
%0,0,0,1,0,0,0
#[v_choice,32]
%0,0,0,1,0,0,0
#[v_choice,33]
%0,0.224024,0.00646871,0.74419,0.0253165,0,0
#[v_choice,34]
%0.0032418,0.582445,0.00204628,0.412076,0.000190695,0,0
#[v_choice,35]
%1.39418e-11,0.491442,0.000133157,0.508425,0,0,0
#[v_choice,36]
%0.000749789,0.558145,0.00576972,0.433973,0.000181649,0.00118072,0
#[v_choice,37]
%0.00266951,0.485671,0.0254037,0.486255,0,0,0
#[v_choice,38]
%0,0.158162,0.00103153,0.840807,0,0,0
#[v_choice,39]
%0.00299195,0.530929,0.000178824,0.464691,2.25997e-163,0.00120931,0
#[v_choice,40]
%0,0.215464,0.109142,0.675394,0,0,0
#[v_choice,41]
%0.000918274,0.526174,0.0252737,0.447634,0,0,0
#[v_choice,42]
%0,0.340142,1.22878e-05,0.659845,0,0,0
#[v_choice,43]
%0,0.654015,0.00288916,0.342374,0,0.000722544,0
#[v_choice,44]
%0,0,0,0,0,0,0
#[v_choice,45]
%0,0.543647,0.0335064,0.422846,0,0,0
#[v_choice,46]
%0,0,0,0,0,0,0
#[v_choice,47]
%0,0.28665,0.00399212,0.698526,0.0108314,0,0
#[v_choice,48]
%0.00244096,0.393909,0.0104557,0.593194,6.24375e-23,0,0
#[v_choice,49]
%0.000675619,0.375671,0.000281807,0.622471,0,0.000900836,0
#[v_choice,50]
%0,0,0,1,0,0,0
#[v_choice,51]
%0,0.309913,0.088873,0.601214,0,0,0
#[v_choice,52]
%0,0.244029,0.0535453,0.702426,0,0,0
#[v_choice,53]
%0,0,0,0,0,0,0
#[v_choice,54]
%0,0.193541,0.0073506,0.792622,0.00553647,0.000950673,0
#[v_choice,55]
%0,0.203595,0.0244253,0.77198,0,0,0
#[v_choice,56]
%0,0.0771761,0.407566,0.512227,0.00300028,3.06016e-05,0
#[v_choice,57]
%0,0,0,0,0,0,0
#[v_choice,58]
%0,0.0785345,0.161348,0.680118,0.0799999,0,0
#[v_choice,59]
%0.000547319,0.30557,0.0173423,0.67465,0.00189117,0,0
#[v_choice,60]
%0,0.276587,0.0741357,0.646758,0.00251971,0,0
#[v_choice,61]
%0.00205903,0.219854,0.000406778,0.776994,0,0.000686338,0
#[v_choice,62]
%0.000312919,0.296869,0.000522335,0.701982,0,0.000313045,0
#[v_choice,63]
%0,0.231136,1.76743e-06,0.768862,0,0,0
#[v_choice,64]
%0.000540834,0.131816,2.44251e-05,0.867619,0,0,0
#[v_choice,65]
%0,0,0,1,0,0,0
#[v_choice,66]
%0.000990884,0.31564,0.0166865,0.650828,0.0158542,0,0
#[v_choice,67]
%0,0,0,0,0,0,0
#[v_choice,68]
%0,0.425742,0.000177469,0.574081,0,0,0
@v_3_del
$Dim[69,21]
#[v_choice,0]
%0,0,0,0.00199378,0,0.127987,0.221429,0.379949,0.215792,0.0442985,0,0,0,0.00855052,7.90727e-18,4.33591e-20,0,0,0,0,0
#[v_choice,1]
%0,0.00247896,0.00800769,0.0922319,0.0134169,0.157359,0.143304,0.00599801,0.364142,0.0765522,0.000880582,0.0614169,0.0200106,0.00345735,0.0150399,0.0021584,0.00254827,0.00310431,0.00026734,0,0.0276263
#[v_choice,2]
%0,0.0209991,0.0454167,0.033038,0.197355,0.353729,0.120612,0.181035,0.0445932,5.02246e-07,0.001419,0,4.87767e-08,9.67611e-08,9.55692e-05,0.00167049,3.54454e-05,0,0,0,0
#[v_choice,3]
%0,0,0,0,0,0,0,0,0,0,0,0,0.215465,0,0.018459,0.766076,1.09502e-27,0,0,0,0
#[v_choice,4]
%0,1.54956e-06,6.03783e-07,0.000885735,0.135351,0.0730673,0.121857,0.27502,0.270068,1.57826e-05,0.00255076,0.0763017,2.45063e-08,0.00145768,0.0156599,0.00279903,0.00739443,0,0.00134505,0,0.0162249
#[v_choice,5]
%0,0,0,0.0108064,0.0542693,0.139849,0.124069,0.263111,0.247493,0.0267918,9.66041e-07,0.076104,0.00273665,0.00433512,0.0135138,0.00138012,0.00188893,0.0152483,0.00319629,0,0.0152057
#[v_choice,6]
%0,9.63946e-05,0,0.00488431,0.0261362,0.2304,0.0932063,0.231676,0.296249,0,4.24697e-06,0.0491089,0.0205951,0.00104055,0.0274244,0.0191778,4.49511e-29,0,0,0,0
#[v_choice,7]
%0,0,0.00871942,0,0.128966,0.210379,0.047063,0.231746,0.174448,0.0701076,0,0.0452419,0.0358015,4.30682e-06,0.0111862,0,0,0.00201668,3.84257e-07,0,0.0343205
#[v_choice,8]
%0,0,0.0126434,0.00355251,0,0.373773,0.0153819,0.355268,0,0.100574,0,0.0882811,0,0.0100907,0.0397201,0.000715585,0,0,0,0,0
#[v_choice,9]
%0,0,0,0,0.0262911,0.000302741,3.56966e-07,0.635624,0.157294,0,1.03036e-06,0.111648,0.0332157,0,0.00387953,0,0.00527155,0.0264712,0,0,0
#[v_choice,10]
%0,0,0,0,0.210893,0.39085,0.0200962,0.0849878,0.000103656,0.231017,0.0620522,0,0,0,1.67233e-09,0,6.76664e-33,1.22777e-56,0,0,0
#[v_choice,11]
%5.05137e-05,0,0.0029604,0.0228517,0,0.166961,0.0774356,0.0115104,0.262167,0.0519856,0.141651,0.00151709,0.0551587,0.0213687,0.0151395,0.051243,0.0707974,3.47793e-41,0,0.00287135,0.044331
#[v_choice,12]
%0,0,0,0,0,0,0,0,1,1.81195e-08,1.12687e-41,0,0,0,0,0,0,0,0,0,0
#[v_choice,13]
%0,0,0,0,0,0,0,0,0,0,0,0,0,0,0,0,0,0,0,0,0
#[v_choice,14]
%0,9.80041e-05,0.00590057,0.0570552,0.00293391,0.161567,0.104008,0.0502002,0.281714,0.0166058,0.0466753,4.17653e-08,0.0769302,0.0102207,0.00292907,0.0178887,0.000387725,0,0.063016,0,0.101869
#[v_choice,15]
%0,0,0,0,0,0,0.244009,0.000105267,0.193042,0.562843,3.60499e-18,0,0,0,0,0,0,0,0,0,0
#[v_choice,16]
%1.64055e-06,0,0.00658834,0.053843,0.0307447,0.146952,0.100902,0.0504701,0.288504,2.74295e-06,0.0487544,2.71001e-06,0.0796801,0.00544084,0.000404933,0.0273722,5.95671e-12,0.0001218,0.052896,1.49414e-06,0.107316
#[v_choice,17]
%0.000203732,4.02558e-05,0.003129,0.0842751,0.0110922,0.173102,0.0940869,0.0904476,0.325594,0.00198723,0.0617218,0,0.0602476,0.00616184,0,0.034976,3.27236e-05,0.00535664,0,0,0.0475458
#[v_choice,18]
%0,0,0,0.00713661,0,0.126182,0.0574465,0.0221598,0.386299,0,0.100813,0,0.0185755,0,0,0.269357,0.0120303,0,0,0,0
#[v_choice,19]
%0,0,0,0.0131005,0,0.196311,0.0522179,0.0166856,0.433171,0,0.122017,0.0825782,0,0,0,0,0,0,0,0,0.0839184
#[v_choice,20]
%0,0,0,0,0,0,0,0,0,0,0,0,0,0,0,0,0,0,0,0,0
#[v_choice,21]
%0,0,0,0,0,0,0,0,0,0,0,0,0,0,0,0,0,0,0,0,0
#[v_choice,22]
%0,0,0,0,0,3.91699e-08,0.0177598,0.106663,5.10872e-05,0.387964,7.90587e-07,0.0204868,0,0.180076,0.0655057,0.0262114,6.48043e-05,0.0532167,0,0.00366148,0.138337
#[v_choice,23]
%0.000208832,0,0.00332098,0.0286013,0,0.191776,0.0829997,0.0314535,0.23374,0.0141282,0.0101937,0.0168216,0.113578,0.0703982,4.41335e-06,0.0028482,0.0550685,4.97421e-83,0.0435665,0,0.101291
#[v_choice,24]
%0,5.8477e-05,0.0113661,0.180997,0.0508773,0.656845,0.0160775,0.0481936,0.00467688,0,0.0223061,0,3.43271e-12,0.00134781,0,1.56196e-06,0,0,0,0,0.00725284
#[v_choice,25]
%0,0,0.000122556,0.0131355,0,0.354745,0.0252405,0.0902901,0.0852552,0.171204,0.0536085,0.0195144,0.0631584,0.0356484,1.01396e-07,0.00914589,0.0382916,0.00686171,0,4.30923e-07,0.0337776
#[v_choice,26]
%0,0,0,0,0,0,0,0,0,0,0,0,0,0,0,0.290474,0.709526,1.90436e-09,0,0,7.09804e-21
#[v_choice,27]
%0,0,0,0,0,0,0,0,0,0,0,0,0,0,0,0,0,0,0,0,0
#[v_choice,28]
%0,0,0.00625906,1.2752e-05,0.00088484,0.140668,0.0295606,0.24465,0.221427,0.0234155,0.0888455,0.00429816,0.0929449,0.0117463,0.00465203,0.0266672,0.0629442,0,7.02397e-10,0.000293172,0.0407319
#[v_choice,29]
%0,0,0,0,0.383812,0.0102055,0.0618425,0.0684769,0.152126,0.136929,0.0265582,0.0276885,0.0178598,0.0245355,2.9682e-05,0.0137943,0,0.0026219,0.00276127,0,0.0707582
#[v_choice,30]
%0,0,0,0,0,0,0,0,0,0,0,0,0,0,0,0,0,0,0,0,0
#[v_choice,31]
%0,0,0,0,0.639641,0.360359,6.82095e-09,0,0,0,0,0,0,0,0,0,0,0,0,0,0
#[v_choice,32]
%0,0,0,0,0,0,0,0,0.67716,0.32284,1.00034e-11,0,0,0,0,0,0,0,0,0,0
#[v_choice,33]
%0,1.4595e-07,0,0.0160028,0.00633116,0.0376217,0.29986,0.0953017,0.0388761,0.0812917,0.225979,0.0292795,0.00513843,0,0.0788108,0.0122128,0,0.00273324,0,0,0.0705617
#[v_choice,34]
%6.34348e-07,0.00331719,0.0136891,0.0038217,0.18801,0.0424447,0.163868,0.0482961,0.290216,0.0290461,0.068441,3.7506e-06,0.0608655,0,0,0.0150242,0,0.00413809,4.16815e-09,0,0.0688168
#[v_choice,35]
%0,0,0.00175613,0.0111461,0.0631289,0.0211799,0.257616,0.188185,0.179371,0.0770182,0.0306724,0.0312777,0.0323418,0,0.00187327,0.0126117,0,0,0.00449249,0,0.0873303
#[v_choice,36]
%0,0,0.0233305,0.00337486,0.0510752,0.0169033,0.261284,0.152015,0.207169,0.0544363,0.0637142,0.0271013,0.0265465,0.00153592,0.000132423,0.0120091,0.00202822,0.000110751,0.00248817,0,0.0947446
#[v_choice,37]
%0,0,0.0406708,3.48945e-07,0.0630411,0.0468782,0.251636,0.211095,0.164698,0.0492992,0.0608985,0.0209943,0.0229812,0,0.000708862,0.0154863,0,0,6.01467e-05,0,0.0515521
#[v_choice,38]
%0,0,0.0306408,0.00764091,0.196491,0.00532467,0.151299,0.347192,0.0546566,0.183571,0,0,0,0.0231849,1.07787e-34,0,0,0,0,0,0
#[v_choice,39]
%0,0,0.0143657,0,8.90857e-45,0.00245642,0.613973,1.85867e-06,0.127199,0.0267687,0.06006,1.67881e-08,0.0631269,0,0,0.0261507,0,0,0.00190015,0,0.0639977
#[v_choice,40]
%0,0.00358244,0.0474221,0,0,0.423384,0.50976,0,0,0,0.0158512,0,0,0,0,0,0,0,0,0,0
#[v_choice,41]
%0,0,0.591241,5.53342e-06,0.13826,0.0673216,0,0.0522395,0,0.0174016,0.0017704,0,0.0796733,0,0,0.0253975,0,0,0.00649013,0,0.0201996
#[v_choice,42]
%0,0,0.0471475,0.00468166,0.141605,0.114596,0.194892,0.0695993,0.18692,0.167897,0,0,0.0419677,0,0.0106638,0,0.0200304,1.9018e-09,3.88035e-11,0,0
#[v_choice,43]
%0,0,0.000102656,0,0.00856152,0.140918,0,0.288695,0.199758,0.00715591,0.206133,0,0,0,0,0.106193,0,0,0.0161646,0,0.0263185
#[v_choice,44]
%0,0,0,0,0,0,0,0,0,0,0,0,0,0,0,0,0,0,0,0,0
#[v_choice,45]
%0,0,0,0,0,0,0,0.0529032,0.0240508,0.200204,0.331543,0.318505,0,0.0727695,0,0,2.50421e-05,2.08052e-11,6.23694e-19,3.42404e-32,6.16084e-52
#[v_choice,46]
%0,0,0,0,0,0,0,0,0,0,0,0,0,0,0,0,0,0,0,0,0
#[v_choice,47]
%0,0,0.0426745,0,0.254303,0,0,0.370173,0,0,0.193636,0,0,0.000842377,0.138372,7.8726e-29,1.41226e-54,0,0,0,0
#[v_choice,48]
%0,0,0,0,0.464113,0.179955,0.00288504,0.138254,0.0542691,0.0382525,0.00548321,0.0145457,6.44298e-06,0.0503113,7.21773e-07,0.0519239,0,0,0,2.0577e-12,8.43175e-35
#[v_choice,49]
%3.27731e-05,0,0.00110162,0,0.087702,0.226446,0.0574767,0.202204,0.06321,0.228693,0.00239894,0.0630872,0.0179471,0.00359229,0,0.012811,0.00339081,0.00996756,0.000629891,0,0.0193101
#[v_choice,50]
%0,0,0,0,0,0,0,0,0,0.741102,0,0,3.31058e-07,0,0.248238,0.01066,0,0,0,0,0
#[v_choice,51]
%0,0,0,0.00983524,0.0409657,4.66999e-06,0.151411,0.153388,0.285262,0.144443,0.134037,0.0106917,0.00635132,0,3.43187e-05,0.0635763,9.45675e-30,0,0,0,0
#[v_choice,52]
%0,0,0,0,0,0,0.0839041,0.00716837,0.762098,0,0.0432775,1.3239e-07,0.061948,0,0,0,1.91923e-05,0,0.041585,3.83497e-24,4.11307e-56
#[v_choice,53]
%0,0,0,0,0,0,0,0,0,0,0,0,0,0,0,0,0,0,0,0,0
#[v_choice,54]
%0,0,0.00027518,1.58687e-10,7.64056e-05,0.00360777,0.0141086,0.00416116,0.752642,0.0136539,0.0369819,0,0.120594,1.69285e-13,0.000136689,0.0537623,2.21251e-23,0,0,0,0
#[v_choice,55]
%0,0,0,0.00214338,0.00309613,0.0104605,0.0192619,0.00750703,0.725557,0.0501456,0.0616518,0,0.0495312,3.49222e-05,6.04023e-07,0.0434514,0,2.81114e-07,0,0.0232414,0.00391646
#[v_choice,56]
%0,0,0.0373713,0,0.00146435,0.0369706,0.1245,0.0461003,0.753543,1.35296e-06,4.9051e-05,0,0,0,0,0,0,0,0,0,0
#[v_choice,57]
%0,0,0,0,0,0,0,0,0,0,0,0,0,0,0,0,0,0,0,0,0
#[v_choice,58]
%0,0,0.0612379,0.0641278,0.172729,0.132445,0.0627646,0.258403,0.117934,5.88479e-05,0.00899903,0,0.000236417,0.0299734,0.0518464,0.0392441,4.4191e-09,0,0,0,0
#[v_choice,59]
%0,0,0.0266594,0.00326475,0.179938,0.154561,0.179401,0.000339568,0.25165,0.0438178,1.73166e-06,0.0558949,0.00743936,0,0,0.040633,0.0230381,0,0.0113891,0,0.0219717
#[v_choice,60]
%0,0.00957701,0,0,0.222038,0.155699,0.154431,0.0893103,0.209351,0.0489006,0,0.0417839,0,0,0,0.0321602,0.00509617,0.0179064,0,1.15944e-17,0.0137466
#[v_choice,61]
%0,0.000705306,0.0684559,0.0722083,0.0733296,0.0853926,0.125841,0.00214861,0.235568,0.0536459,0.151519,5.20643e-05,0.0470909,0.0310412,0.00258937,0,0.0146787,0.00149536,0,0.00284434,0.0313941
#[v_choice,62]
%0.000565043,0.00616154,0.0562178,0.0279057,0.0413291,0.3054,0.0285258,0.0452558,0.154821,0.0553261,0.16138,0.02418,0,0.0174231,0,0.0271859,0,9.44475e-141,0.017946,4.49057e-07,0.0303772
#[v_choice,63]
%0,0,0.061302,0,0,0.402025,0.0485491,0.0264475,0.151212,0.03783,0.272634,1.73499e-20,1.07479e-39,0,0,0,0,0,0,0,0
#[v_choice,64]
%0,0.000511874,0.000614496,0,0.158682,0.0184867,0.000118322,0.399643,0.039496,0.237701,0.000228202,0.0750271,0.0151437,3.51896e-05,0.00208011,0.00691515,0,0.014775,0,3.59347e-08,0.030542
#[v_choice,65]
%0,0,0,0,0,1,0,5.23551e-12,1.92423e-18,0,0,0,4.06173e-29,1.3947e-68,9.85408e-90,0,0,0,0,0,0
#[v_choice,66]
%0,0,0,0.00350272,0.000484399,9.58477e-12,0,0.04265,0.235448,0.180012,0.248232,0.151451,0.0764818,0.0056706,0.00889112,0.00537869,0,0.00082891,0.00374666,0,0.0372225
#[v_choice,67]
%0,0,0,0,0,0,0,0,0,0,0,0,0,0,0,0,0,0,0,0,0
#[v_choice,68]
%0,0,0,0,0,0,0,0,0,1,1.64626e-10,6.48444e-23,0,0,0,0,0,0,0,0,0
@j_5_del
$Dim[7,23]
#[j_choice,0]
%0.00835756,0,0,0,0.476263,0.1155,0.0342115,0,0.27061,0.0399321,0.00566699,0.0163754,0.0046283,0,6.10674e-25,2.34815e-102,0,0,1.38849e-119,0,2.60233e-122,2.06452e-67,0.0284557
#[j_choice,1]
%0,0,0.000163948,0.108524,0.163204,0.28201,6.71275e-30,0.185069,0.00898772,0.116486,5.13358e-05,0.11433,0.00932591,0.00415828,0.00602266,0.000423751,1.18846e-62,9.77683e-06,6.59172e-05,0,0.000527364,4.08422e-05,0.00060071
#[j_choice,2]
%0,0,0.0534049,0.278611,0.219548,0.277654,0,0.157719,0.0130517,1.05214e-05,5.09846e-08,0,0,0,0,0,0,0,0,0,6.88153e-07,2.25183e-10,0
#[j_choice,3]
%0.00179345,1.18996e-07,0.0056728,3.23563e-06,0.413357,0.0135202,0.13121,0.31809,0.0787291,0.0268697,0.00305008,0.00536282,0.000889099,2.17714e-05,0.000964488,9.29898e-06,9.96493e-44,3.92915e-05,3.70421e-30,0,0.000319806,9.77363e-05,1.21443e-17
#[j_choice,4]
%0.0173148,0,1.08695e-05,0.011043,0.0829485,0.0876569,0.019913,0,0.348698,0.184325,2.41176e-11,0,0,0.0577758,0.0177181,0,0,0,0,0,0.0219654,0,0.15063
#[j_choice,5]
%0,0,0.019676,0.0137304,0.365757,0.104874,0.187918,0.0918997,0.0830278,0,0,0,0.0736565,1.91108e-58,6.92542e-64,0,2.09079e-93,0,0,0,0.0185248,0,0.0409358
#[j_choice,6]
%0,0,0,0,0,0,0,0,0,0,0,0,0,0,0,0,0,0,0,0,0,0,0
@vj_ins
$Dim[41]
#
%0.240662,0.133577,0.171672,0.0312569,0.216565,0.0395063,0.00411402,0.0373458,0.0187124,2.98387e-28,0.0293796,0.0138055,0.000335161,0.00928084,1.81493e-06,1.70787e-27,0.0208372,0.00544721,5.93197e-49,0.012346,0.00469849,0.00298332,7.05337e-26,0.00418472,1.63137e-89,0.000604778,0.000996888,1.56217e-07,0.00071645,6.40218e-17,0.000195849,0.000275244,1.41951e-05,6.9885e-09,3.78748e-12,0.00048455,0,0,0,0,0
@vj_dinucl
$Dim[16]
#
%0.219286,0.282416,0.252651,0.245647,0.229599,0.289578,0.166908,0.313915,0.184327,0.190523,0.328615,0.296536,0.149616,0.317965,0.265605,0.266814
