@v_choice
$Dim[63]
#
%0.0187546,0.000301769,0.00367532,0.00881233,0.00735103,0,0.00087036,0.0110796,0.0346647,0.137937,0.0192719,0,0.0818133,0.00845299,2.57279e-06,0.00342391,0.0291303,0.0029087,0.00465567,1.36684e-05,0.000799634,0.000136964,0.00120965,2.55867e-06,2.49797e-06,0.00115489,0.00101639,0.000247602,0.000594659,0.000133051,2.2597e-05,0.0017007,0.0521128,0.00173834,0.000719214,0.01865,0.00270409,1.45994e-06,0,9.85809e-05,0.0155054,0.00686776,0.000998181,0.000487862,0.00272064,0.110102,0,0.132945,0.132969,0,0.00013771,7.82595e-05,0,0.00646531,4.40738e-05,0.00337415,0.000435179,0.127893,0.000715292,0.00112026,0.000258071,0.000283832,0.000433684
@j_choice
$Dim[63,9]
#[v_choice,0]
%0.181761,0.152457,0.00318992,0.00623369,0.00167291,0.151999,0.380941,0.00201135,0.119734
#[v_choice,1]
%0.163258,0.235371,0,0.0207778,0,0.357225,0.133686,6.94542e-05,0.0896129
#[v_choice,2]
%0.0567778,0.154603,0.0082693,0,0,0.147514,0.433419,0.00164801,0.197769
#[v_choice,3]
%0.163205,0.170969,0.00356982,0.00734363,0.000354675,0.120862,0.367641,0.0014447,0.16461
#[v_choice,4]
%0.472261,0.187911,0.00269037,0.0122928,0.00430334,0.079644,0.202685,0.00078703,0.0374252
#[v_choice,5]
%0,0,0,0,0,0,0,0,0
#[v_choice,6]
%0.419539,0.207959,0.013295,0.0115033,0,0.0862066,0.212646,0,0.0488504
#[v_choice,7]
%0.323235,0.0701436,0.00237451,0.0027273,0.00308664,0.284198,0.258165,0.00144243,0.0546274
#[v_choice,8]
%0.0512335,0.203823,0.00392575,0.0107702,0.00594358,0.216248,0.346759,0.00195262,0.159344
#[v_choice,9]
%0.318608,0.255269,0.00924989,0.012667,0.00724288,0.124039,0.190459,0.00128944,0.0811761
#[v_choice,10]
%0.53125,0.254788,0.00508247,0.011383,0,0.060595,0.111725,0,0.0251771
#[v_choice,11]
%0,0,0,0,0,0,0,0,0
#[v_choice,12]
%0.529429,0.248285,0.00601179,0.0181888,0.0120335,0.0511033,0.107492,0.00049386,0.0269626
#[v_choice,13]
%0.56134,0.194161,0.00856006,0.00698081,0.00410191,0.0733771,0.135807,0,0.0156729
#[v_choice,14]
%0,0,0,0,0,0,0,0,1
#[v_choice,15]
%0.400292,0.167335,0.00972808,0.00689334,0.0030413,0.122717,0.239523,0.00152922,0.0489408
#[v_choice,16]
%0.139383,0.142719,0.00763198,0.00615646,0.00738042,0.213707,0.337513,0.000668993,0.14484
#[v_choice,17]
%0.411784,0.235169,0.00424098,0.00564598,0,0.0834875,0.208083,0,0.0515908
#[v_choice,18]
%0.0641714,0.113863,0.0102236,0.00286945,0.00574898,0.161321,0.452028,0.00161839,0.188156
#[v_choice,19]
%0.487865,0.0549184,0,0,0,0.128445,0.314442,0.000576235,0.0137531
#[v_choice,20]
%0.0879486,0,0,0,0.0492023,0.139105,0.505066,1.42936e-06,0.218677
#[v_choice,21]
%0.208978,0.0570592,0.00401317,0.339262,0,0.287592,0.0582381,0,0.0448574
#[v_choice,22]
%0.0764978,0.119919,0,0,0,0.0475541,0.520377,0,0.235652
#[v_choice,23]
%0,0,0,0,0,0,1.59597e-09,0,1
#[v_choice,24]
%0,0,0,0,0,0,1,0,0
#[v_choice,25]
%0.0663816,0.169467,0.0172235,0.00933067,0.011627,0.242001,0.430749,0.0002689,0.0529517
#[v_choice,26]
%0.351595,0.0726929,0.322481,0.000558929,0.0299098,0.027532,0.180554,5.72154e-06,0.0146708
#[v_choice,27]
%0.133635,0.110584,0.00019351,0,0.0205349,0.232323,0.350999,0.000215216,0.151515
#[v_choice,28]
%0.500897,0.206264,1.34427e-08,0.00723573,0.00677067,0.0918705,0.152709,0,0.0342533
#[v_choice,29]
%0.703543,0.154595,0,0,0,1.72946e-06,0.125775,0,0.0160853
#[v_choice,30]
%0.0526853,0.708671,0,0,0,0.238643,0,0,0
#[v_choice,31]
%0.365382,0.345668,0,0,0.0213035,0.0468175,0.129653,1.21038e-07,0.0911765
#[v_choice,32]
%0.249663,0.221313,0.00457502,0.0120701,0.00773267,0.174415,0.200911,0.000657727,0.128662
#[v_choice,33]
%0.316106,0.22321,0.0172195,0.00744004,0,0.0869977,0.244669,0.0029385,0.10142
#[v_choice,34]
%0.22033,0.19339,0.0138986,0,0.0135619,0.149222,0.239313,0,0.170284
#[v_choice,35]
%0.360264,0.301529,0.00559222,0.0169499,0.00799012,0.0793092,0.136285,0.000655135,0.0914249
#[v_choice,36]
%0.0714648,0.49494,0.0055892,0.0200095,0.00784124,0.176643,0.0416209,0,0.181892
#[v_choice,37]
%0,1.72784e-20,0,0,0,2.24893e-10,1,0,4.02862e-10
#[v_choice,38]
%0,0,0,0,0,0,0,0,0
#[v_choice,39]
%0,0.0506695,0,0,7.10241e-05,0.405924,0.289634,0,0.253702
#[v_choice,40]
%0.359029,0.190883,0.0483525,0.00620513,0.0149209,0.104431,0.195344,0.00122711,0.0796081
#[v_choice,41]
%0.207007,0.179571,0.00619694,0.00751278,0.00544511,0.117271,0.311653,0,0.165344
#[v_choice,42]
%0.12677,0.156752,0.0247629,0.00492696,0,0.120406,0.380742,0,0.185639
#[v_choice,43]
%0.216497,0.266217,0.00924843,0.0414845,0,0.0815793,0.173397,0.000103526,0.211474
#[v_choice,44]
%0.326114,0.250003,0.00710775,0.0234877,0.000442434,0,0.310633,0.0019222,0.0802902
#[v_choice,45]
%0.152708,0.158727,0.00461303,0.00830246,0.0100608,0.138068,0.361381,0.00118975,0.164949
#[v_choice,46]
%0,0,0,0,0,0,0,0,0
#[v_choice,47]
%0.362487,0.234163,0.00399914,0.0114961,0.00822226,0.0811085,0.21177,0.00099711,0.0857575
#[v_choice,48]
%0.351642,0.231693,0.00543575,0.0150973,0.00830181,0.120363,0.175437,0.00119032,0.0908397
#[v_choice,49]
%0,0,0,0,0,0,0,0,0
#[v_choice,50]
%0,0.16745,0,0,0,0.107191,0.386783,0,0.338576
#[v_choice,51]
%0.151544,0.13838,9.89652e-06,0,0,0.160055,0.330247,0,0.219764
#[v_choice,52]
%0,0,0,0,0,0,0,0,0
#[v_choice,53]
%0.258164,0.201619,0.00204463,0.0159251,0.00720257,0.0899494,0.279473,0,0.145623
#[v_choice,54]
%0,0,0,0,0,0,1,0,0
#[v_choice,55]
%0.222546,0.149504,0.00546805,0.00750732,0.0117725,0.069023,0.318808,0.0015719,0.213799
#[v_choice,56]
%0.367816,0.212641,2.25729e-06,0,0,0.0689655,0.229885,0,0.12069
#[v_choice,57]
%0.328522,0.247486,0.00590899,0.013391,0.00781655,0.0985098,0.231805,0.000833992,0.0657267
#[v_choice,58]
%0.38112,0.353186,0.0194514,0,0.022467,0.048951,0.174825,0,0
#[v_choice,59]
%0.340184,0.307867,2.07099e-07,7.56749e-05,0,0.123614,0.213931,9.12162e-06,0.0143195
#[v_choice,60]
%0.365362,0.285458,0,0.00871037,0,0.0843079,0.256161,0,0
#[v_choice,61]
%0.325314,0.00231745,0.0942006,0.0746719,0,0,0.189835,0,0.313662
#[v_choice,62]
%0.259533,0.226976,5.69683e-06,0.00533087,0,0.0745741,0.2491,0,0.18448
@v_3_del
$Dim[63,21]
#[v_choice,0]
%0,8.26216e-06,0.000262438,0.00339573,0,0.201326,0,0.548844,0.124098,0,0.0763632,0,0,0,0.00942964,0.0104966,0,0,0,0,0.0257765
#[v_choice,1]
%0,0,0,0.0141264,0,1.26401e-05,0,0.602545,0.0151938,0.12897,0,2.2575e-09,0.214268,0,0,1.71407e-12,0,0,0.0165443,0.00834055,4.60054e-11
#[v_choice,2]
%9.17594e-06,0,0,0,0.0171752,0.159835,0.00187017,0.533033,0.0447393,0.07933,0.00136905,0.0753672,0,0,0,0.0328981,0,0,0,1.19223e-06,0.0543728
#[v_choice,3]
%0,0,0,0.00274537,0,0.204433,0.00325179,0.655543,0.0486542,3.88745e-11,0.0332697,0.0122926,0,0,0.000895711,0,0.0156503,0.00359514,0,0,0.0196697
#[v_choice,4]
%0,0,0,0,0,0.255727,0,0.647618,0.0246107,0.0224275,0.0114844,0.0199363,0,0,0,0.000897605,0.00533707,0,0.0073264,0,0.00463462
#[v_choice,5]
%0,0,0,0,0,0,0,0,0,0,0,0,0,0,0,0,0,0,0,0,0
#[v_choice,6]
%0,0,0,2.48204e-06,0,0.206585,0.00271701,0.672194,0,0.106778,0,0,0,0,0,0,0,1.45176e-05,0.0117082,0,1.05373e-10
#[v_choice,7]
%0,4.85417e-06,0,0.011021,0,0.175512,0.00386247,0.599852,0.0888341,0.060411,0.0236529,6.78102e-07,0.0104146,0.00149132,0.00390021,0.00102907,0.00301089,0,0.00493395,7.79116e-05,0.0119912
#[v_choice,8]
%5.72204e-05,0.000134953,0,0.0273314,0.000837591,0.117471,5.74749e-06,0.459326,0.117533,0.0646331,0.081301,0.0280362,0.0304772,0.00653496,0.00596277,0.00936232,0.00991057,0.00456573,0.00929232,1.79289e-08,0.0272261
#[v_choice,9]
%0.000218321,0.00100226,7.4294e-06,0.000104913,0,0.175203,0.000322847,0.324882,0.134466,0.0567555,0.0313321,0.0377699,0.10075,9.28364e-19,0.0251102,0.0423731,0,0.00104717,0.00778796,2.73333e-40,0.0608679
#[v_choice,10]
%0,0,0,0.0111666,0.0321499,0.0446277,0.00344798,0.215588,0.0413094,0.193108,0.203967,0.071211,0.0597345,9.01497e-05,0.00581107,0.0596375,0,0,0,0.0113802,0.0467717
#[v_choice,11]
%0,0,0,0,0,0,0,0,0,0,0,0,0,0,0,0,0,0,0,0,0
#[v_choice,12]
%0,0,2.82998e-05,0.00807763,0.000432221,0.0651067,0,0.183738,0.0156573,0.21922,0.230478,0.0732844,0.0663107,0.00453986,0.0120738,0.00909625,0.0206971,0.000148904,0.0357712,0.000185372,0.0551538
#[v_choice,13]
%0,0,0,0,3.31923e-07,0.267378,0,0.650245,0.0109656,0.0225336,0,0.024918,0,0,0,0.00116842,0,0,0.0227909,7.57693e-13,0
#[v_choice,14]
%0,0,0,0,0,0,0,1,6.66451e-19,3.44441e-39,7.74355e-49,0,0,0,0,0,0,0,0,0,0
#[v_choice,15]
%0,0,0,0.000388714,0,0.310669,0,0.525961,0.0496875,0.0297189,0,0.0219547,0.00816163,0,0.00157817,0.0166544,0.0113937,0.00460759,0,0.00439404,0.0148313
#[v_choice,16]
%0,0,0.00252008,0.00909282,0,0.241266,1.47047e-05,0.494363,0.0734591,0.0611724,0.0381816,0.00999846,0.0126433,0.005584,0.00359922,0.00827414,0.00130082,0.00827141,0,0.000249634,0.0300102
#[v_choice,17]
%0,0,0,0.00970449,0,0.178724,0.00123861,0.376469,0.159979,0.0388224,0.0419166,0,0.082792,0,0.00954613,0.0593673,0,0,0,0.0177599,0.0236799
#[v_choice,18]
%0,0,0,0.0114108,0.000462163,0.153825,0,0.607835,0.101112,5.29523e-06,0.04874,0.0201611,0.0206697,0,0,0.0107885,0,0,0,0.00455932,0.0204312
#[v_choice,19]
%0,0,0,0.00345038,0,0.000236513,0,0.839152,0,0,0,0,0.157079,0,0,0,0,0,0,8.26023e-05,0
#[v_choice,20]
%0,0,0,0.00865089,0.0154026,0.24465,2.98994e-05,0.351518,0.161241,0.00403701,0.083389,0.042551,0,0.066337,0,0,0,0.0187577,0,0,0.00343587
#[v_choice,21]
%0.0987092,0,0,0,0.350476,0.181684,0.000236009,0.239161,0.00573876,0.105588,0,0,0,0,0.0184076,1.49347e-17,0,0,3.85919e-24,6.13185e-50,0
#[v_choice,22]
%0,0,0,0,0.000750998,0.174898,0.0236724,0.546268,0.0557076,0.120276,0,0,0,0,4.92275e-06,0,0.0343571,0,0,0.0440654,1.62023e-19
#[v_choice,23]
%0,0,0,1,0,5.12704e-11,0,2.96967e-11,5.94443e-12,3.49325e-14,9.43758e-32,1.16584e-63,0,0,0,0,0,0,0,0,0
#[v_choice,24]
%0,0,0,0,0,0,0,1,1.25853e-12,7.65382e-25,9.38818e-45,0,0,0,0,0,0,0,0,0,0
#[v_choice,25]
%0.00266711,0.00472158,0,0.159341,0.0209065,0.492155,7.1978e-05,0.310258,0.00597029,8.96724e-05,0.0013871,6.63404e-06,1.54081e-08,0,0,0,0,0,0,0,0.00242437
#[v_choice,26]
%0.0163468,0.00603647,0.00116981,0.0210355,0,0.818721,0.012877,0.107985,0.00043402,0.000164724,7.307e-08,1.48348e-08,0,0,0,0,0,0,0,0,0.0152302
#[v_choice,27]
%0,0,0,0,0,0.357096,0.0520459,0.291579,0.117295,0.0390717,0.000358837,0.0290187,0.0496827,0,0.044429,0,0,0,0.00854538,0,0.0108781
#[v_choice,28]
%0,0,0.000318087,0.0226738,1.32784e-06,0.221846,0.000322185,0.688686,0.0268085,0.0249267,0.0144177,8.80225e-09,0,0,0,1.18497e-14,7.81967e-22,0,2.53969e-33,0,1.19305e-37
#[v_choice,29]
%0,0,0,0,0,0.296756,0,0.551093,0.152103,4.82128e-05,2.89087e-07,0,0,0,0,0,8.67731e-26,0,7.40676e-41,0,3.15424e-51
#[v_choice,30]
%0,0,0,0.000545618,0,6.07418e-05,0,0.999394,0,0,0,0,0,0,0,0,0,0,0,0,0
#[v_choice,31]
%0,0,0,0.0136773,0.0506838,0.161442,0.00160264,0.579064,0.0522375,0,0,0.117403,0,0.0130665,0.0108237,9.25052e-13,4.60497e-44,0,0,0,0
#[v_choice,32]
%9.69224e-05,0,4.96903e-05,0.00600092,1.12066e-05,0.160658,0.0138834,0.502751,0.0797475,0.0400275,0.129922,0.0259039,0.0210553,0.0103888,0.000901541,0.00417955,0.000376262,9.68646e-05,0.0011409,2.95764e-05,0.00277918
#[v_choice,33]
%0,0.00033775,1.27794e-05,0.00870841,0.010808,0.168447,0.000330569,0.476377,0.075205,0.0518312,0.0581209,0.0637989,0.0525962,0,0.00136283,0,0.0109867,3.60448e-06,0,0.00681516,0.0142577
#[v_choice,34]
%0,0.00448033,0.00552475,0.0257642,0.00956054,0.194777,0.00385992,0.296429,0.138061,0.0245748,0.035102,0.106884,0.0565115,0.00248958,8.15343e-07,0.0251275,0.000541557,1.91792e-05,0,2.34855e-06,0.0702905
#[v_choice,35]
%0,1.95064e-06,2.9393e-07,0.0623157,0.162762,0.157741,0.0176673,0.462416,0.0687718,0.000133991,0.0211043,0.00777172,0.02319,0.00303512,0.00521115,0,0.00196855,0,0.000920918,0.00059124,0.00439697
#[v_choice,36]
%0,0,0,0.0239179,0,0.109434,0.0724938,0.739275,5.87741e-07,0.000571922,0.00458925,0.029947,0.00605621,0.00808454,0,0,0,0.00175142,0,0.00387788,7.30001e-14
#[v_choice,37]
%0,0,0,0,0,0,0,0,0.999993,7.27023e-06,1.41442e-22,0,0,0,0,0,0,1.53332e-86,9.69473e-118,0,0
#[v_choice,38]
%0,0,0,0,0,0,0,0,0,0,0,0,0,0,0,0,0,0,0,0,0
#[v_choice,39]
%0,0,0,0.0753184,0.233154,0.0168652,0.000406251,0.483867,0.0967957,0.0101064,0.0492566,0.0342304,0,0,0,0,1.02652e-25,3.24628e-36,0,0,0
#[v_choice,40]
%6.2539e-07,0,0.000217392,0.0326709,5.10997e-05,0.414306,0.0401927,0.404523,0.0146429,0.0314911,0.0599076,0.00172926,0.000111914,7.63582e-07,8.13756e-05,1.80256e-06,2.04961e-07,5.41704e-05,9.89689e-06,6.67682e-06,9.33376e-09
#[v_choice,41]
%0.000593739,0,0,0.0136563,0.00254697,0.177209,0.0256959,0.566233,0.0687239,0.0282546,0.023476,0.037338,0.0190607,0.0248471,0.00035065,0,0.00233549,0,0,0.00025503,0.00942363
#[v_choice,42]
%0,0,2.64083e-06,0.0171381,4.42668e-06,0.184635,0.00519544,0.552942,0.0798807,0.00528904,0.0393493,0.0873662,0,0,0.0225329,0,0,0.00566408,0,2.30487e-13,7.18202e-20
#[v_choice,43]
%0,0,0,0.114337,0.153526,0.096452,0.0213893,0.393056,0.0880195,0.0146732,0.0402299,0,0.0507864,0.0045889,0.0198384,0.00310357,0,0,3.29711e-17,1.58194e-59,0
#[v_choice,44]
%0,0,0,0.00109935,5.00765e-06,0.401602,0.064893,0.528113,0.00252456,0,7.04932e-08,0.000637355,0,0,0,2.67524e-06,0,0.000179215,0,0,0.000943255
#[v_choice,45]
%0.00171852,0,0.00266712,0.131316,0.0403974,0.238399,0.0647744,0.194759,0.166397,0.0443626,0.0349572,0.0137131,0.0229703,0.00352181,0.00629748,0.00646778,0.00152846,0.00395756,0.00527698,0.00772622,0.00879215
#[v_choice,46]
%0,0,0,0,0,0,0,0,0,0,0,0,0,0,0,0,0,0,0,0,0
#[v_choice,47]
%0.00180561,3.0832e-07,1.93679e-07,0.108522,0.108926,0.314492,0.0184425,0.253692,0.0999247,0.0688161,0,0.00170302,0.00679782,0.00414,0,0.00174211,0.000683679,0.000780781,0.00272798,0.00326522,0.0035383
#[v_choice,48]
%0,1.35918e-06,2.54614e-06,0.0227126,1.19814e-05,0.133767,0.0125159,0.349607,0.131656,0.153366,0.0872642,0.0111908,0.0207175,3.72893e-05,0.0164784,0,0.00057775,0.015128,0.016453,0.00041332,0.0280988
#[v_choice,49]
%0,0,0,0,0,0,0,0,0,0,0,0,0,0,0,0,0,0,0,0,0
#[v_choice,50]
%0,0,0.0110204,3.88051e-06,0.0980032,1.45326e-05,0.017716,0.131376,0.512061,0.000250064,0.0874505,0,0,0.0351002,0,0.0417836,0,0,0.0652205,1.95086e-13,0
#[v_choice,51]
%0,0,0.00607713,0.0656449,0.00682288,0,0.0669845,0.0116357,0.518628,0.0445504,0.147707,0,0,0.128727,0,0,0,0,0,0.00322254,3.93852e-11
#[v_choice,52]
%0,0,0,0,0,0,0,0,0,0,0,0,0,0,0,0,0,0,0,0,0
#[v_choice,53]
%0,0,0,0.0969936,0.142008,0.240599,0.0768139,0.156855,0.201506,0,0.0566313,0.00430322,0.00279877,0,0,0.0214913,2.35236e-18,0,0,0,0
#[v_choice,54]
%0,0,0,0.255171,0,0,0.524522,0,0,0,0,0.220306,0,0,0,0,0,0,0,0,0
#[v_choice,55]
%0,0.000431141,0,0.00880735,0,0.12055,0.00824747,0.395561,0.263356,0,0.149926,0,0,0,0,0,0,0.0391582,0,0,0.0139631
#[v_choice,56]
%0,0,0,0.0198893,0,0.0900617,0,0.617912,0,0.0485654,0.0545082,0.0734121,0,0.0153194,0.0449041,0,0,0,0,0.035428,4.09439e-15
#[v_choice,57]
%0,6.34552e-09,0.000147534,0.0100073,0,0.211329,0.00106299,0.510143,0.101338,0.0567767,0.0178464,0.00550376,0.0277934,1.27778e-09,0.00403157,0.0215409,0.00217512,0.000160823,0.0132645,0.000146054,0.0167328
#[v_choice,58]
%0,0,0.0087283,0.0498543,0.172303,0.159242,0.0057042,0.443734,0.112777,0,1.22274e-05,0.0282146,0,0.0194305,1.2749e-11,0,0,0,0,0,0
#[v_choice,59]
%0,0,0,0,0.0468356,6.7502e-06,0.000816882,0.794227,0.0652028,0,0.0235036,0.0694075,0,0,0,2.3869e-15,5.2506e-40,0,0,0,0
#[v_choice,60]
%0,0,0,0,0,0.232606,0,0.324059,0.2466,0,0.122285,0,0,0,0,0.0251759,0,0.0492748,4.62596e-22,1.52471e-49,0
#[v_choice,61]
%0,0,0,0,0.228144,4.18852e-05,0.0139779,0.70036,0.00902691,0,0.0197025,0,0,0,0,0.0287473,0,0,0,0,0
#[v_choice,62]
%0,0,0,3.28905e-06,0.0791217,0.0148174,0.0153258,0.737344,0.0698667,0,0.0246933,0.0473418,0,0,0,0,0,0,0.0114862,1.07415e-31,0
@j_5_del
$Dim[9,23]
#[j_choice,0]
%0,1.81478e-07,0.00186745,0.0959979,0.243242,0.0191914,0.348041,0.160541,0.10832,0.00825344,0.00402999,0.00969355,8.18823e-08,1.12644e-132,0.000163902,6.36799e-35,1.59929e-06,9.36651e-05,1.70985e-17,2.71945e-20,0.000506283,4.31381e-05,1.31866e-05
#[j_choice,1]
%0.000978807,0,5.65014e-06,0.0404009,6.93667e-72,0.55917,0.087715,0.0851347,0.00233417,0.200046,0.00632346,0.00169334,0.0147897,3.25789e-40,8.95557e-99,0.000565171,5.57799e-08,1.65523e-11,2.29068e-16,1.23017e-05,1.65831e-05,0.000778028,3.61371e-05
#[j_choice,2]
%0,0,0,3.84638e-66,0.177514,0,0.621729,0.0116584,0.16974,0.00244158,0.0107913,0.00542535,1.39731e-62,5.89292e-148,1.55503e-35,5.88062e-66,0.000203542,9.56184e-08,1.85421e-05,0,6.3088e-32,1.11783e-98,0.000478694
#[j_choice,3]
%0,0,0,0,0,0.660816,0,0.173393,0.079509,9.60233e-72,0,0.0755604,0.010656,9.99138e-29,0,8.1138e-47,0,6.48092e-05,2.60309e-50,4.56812e-08,5.62731e-10,9.35968e-12,0
#[j_choice,4]
%0,0,0.0186841,0.110626,0.000425448,0.459854,9.95793e-06,0.225175,0.0014576,0.170117,0,0.000279382,0.000408462,6.81818e-61,0,0,3.38372e-117,3.35868e-06,1.09038e-08,0.00136413,0.00607376,0.00547606,4.57276e-05
#[j_choice,5]
%5.0415e-05,1.52436e-08,0.00948067,0.00835486,0.348766,0.111487,0.232063,0.0236256,0.192444,0.0140999,0.0384837,0.019477,5.24252e-35,0,0.00164718,3.5934e-73,0,1.20095e-25,2.1423e-05,3.31147e-29,3.47143e-18,6.76897e-11,9.58177e-37
#[j_choice,6]
%0.00220259,0,0.00345838,0.0630762,0.285542,0.122761,0.323383,0.0457964,0.109331,0.00828964,0.0245839,0.0107357,5.67525e-07,6.56472e-73,0.000187369,2.46855e-05,3.1193e-94,5.57888e-20,7.99549e-54,6.78532e-18,0.000627914,7.65342e-09,1.76193e-26
#[j_choice,7]
%0,0,0,0,0,0.57284,0,0,0,0.23834,0,0.126005,7.13994e-22,0,0,0,0.00257803,2.13176e-32,3.90526e-146,0.00342029,0.0411034,0.0157137,8.03101e-57
#[j_choice,8]
%0,0,0.000164305,0.113731,0.36922,0.174637,0.13241,0.0821168,0.0810794,0.0142489,0.0212874,0.0106058,3.10434e-15,0,0,4.00389e-61,7.2902e-11,0.000141326,5.10357e-14,7.86474e-06,0.000349984,5.33837e-32,4.77872e-39
@vj_ins
$Dim[41]
#
%0.28571,0.0711042,0.260846,0.108464,0.110107,0.0754261,0.00332069,0.00204179,0.0405041,1.97589e-07,0.000512778,0.0100313,0.00159868,0.00963237,0.00375242,0.00380184,5.57126e-06,0.00753097,5.25851e-05,2.90992e-06,0.00418361,2.33669e-08,2.6765e-06,0.000508497,1.058e-07,8.45589e-10,0.00015582,1.05856e-05,0,0.000575374,0,0,0,0,0,0,0.0001187,0,0,0,0
@vj_dinucl
$Dim[16]
#
%0.15952,0.340851,0.218674,0.280955,0.0978225,0.480773,0.137644,0.283761,0.21115,0.176477,0.406242,0.206131,0.137956,0.435521,0.121862,0.304661
