@v_choice
$Dim[63]
#
%0.0161554,0.00122391,0.00200337,0.00881151,0.00735809,0,0.000872265,0.0111018,0.0240852,0.0942769,0.0192173,0,0.0821265,0.00840925,6.82913e-06,0.00338104,0.0290478,0.00285952,0.00467721,0.00167522,0.0013197,0.0012776,0.00119448,2.31708e-06,2.30916e-06,0.0117641,0.0445081,0.000238872,0.000617667,7.69353e-05,4.28903e-05,0.00168138,0.0337352,0.00172517,0.000770563,0.018666,0.00189204,1.70415e-06,0,9.8019e-05,0.0337772,0.0069019,0.000989938,0.00046694,0.00346983,0.110012,0,0.133137,0.133196,0,9.80862e-05,6.36874e-05,0,0.00622741,4.12495e-05,0.00339684,0.000440639,0.128094,0.000705019,0.000788268,0.000323619,0.000517713,0.000448349
@j_choice
$Dim[63,9]
#[v_choice,0]
%0.196604,0.128138,0.0209358,0.00393438,0.00164434,0.146645,0.386417,0.00170924,0.113972
#[v_choice,1]
%0.110794,0.151659,0,0.00655727,0,0.191904,0.376425,0.00551203,0.157148
#[v_choice,2]
%0.0524539,0.115682,0.00129766,0,0,0.0963202,0.626628,0.00518755,0.102431
#[v_choice,3]
%0.162201,0.157767,0.0180999,0.00633921,0.000922415,0.121352,0.367818,0.00156582,0.163934
#[v_choice,4]
%0.475395,0.165245,0.0219399,0.0131546,0.00369989,0.0772437,0.203494,0.0013758,0.0384526
#[v_choice,5]
%0,0,0,0,0,0,0,0,0
#[v_choice,6]
%0.422744,0.211203,0.0211068,0.0125893,0,0.0877392,0.19676,0,0.0478577
#[v_choice,7]
%0.326453,0.0702889,0.00186124,0.00288745,0.00309501,0.284152,0.252711,0.00298525,0.0555669
#[v_choice,8]
%0.0582899,0.192441,0.0115742,0.00950629,0.0063554,0.215801,0.335944,0.00498951,0.165099
#[v_choice,9]
%0.362556,0.208828,0.0183844,0.0106617,0.00616462,0.126241,0.185303,0.00228105,0.07958
#[v_choice,10]
%0.529434,0.248365,0.0137843,0.0111041,0,0.0602931,0.111765,0,0.0252543
#[v_choice,11]
%0,0,0,0,0,0,0,0,0
#[v_choice,12]
%0.529448,0.246415,0.00792021,0.0171544,0.0124918,0.0512928,0.107482,0.000948089,0.026848
#[v_choice,13]
%0.559699,0.170371,0.0343288,0.00701473,0.00321906,0.0747324,0.135727,0,0.0149077
#[v_choice,14]
%0,0,0,0,0,0,0,0,1
#[v_choice,15]
%0.396525,0.146114,0.0277523,0.0075262,0.00372211,0.124781,0.238894,0.00186929,0.0528164
#[v_choice,16]
%0.139848,0.125044,0.0273472,0.00606737,0.00648575,0.213775,0.334036,0.00344702,0.14395
#[v_choice,17]
%0.405517,0.221044,0.0246764,0.00488708,0,0.087591,0.203917,0.000461916,0.0519058
#[v_choice,18]
%0.0644191,0.10495,0.0213831,0.00412924,0.00420217,0.15889,0.450133,0.00278308,0.18911
#[v_choice,19]
%0.127719,0.227804,0,0.023612,0,0.218908,0.239479,0.00626235,0.156217
#[v_choice,20]
%0.0768635,0,0,0,0.0273867,0.166449,0.48437,0.00786136,0.237069
#[v_choice,21]
%0.0675844,0.211532,0.077332,0.0351362,0,0.220554,0.0854174,9.8621e-08,0.302444
#[v_choice,22]
%0.0733865,0.12228,0,0,0,0.0523315,0.511193,0,0.24081
#[v_choice,23]
%0,0,0,0,0,0,1.80153e-09,0,1
#[v_choice,24]
%0,0,0,0,0,0,1,0,0
#[v_choice,25]
%0.0403511,0.18967,0.0290255,0.0119769,0.00513992,0.218888,0.364218,0.00245954,0.13827
#[v_choice,26]
%0.232647,0.27473,0.0741134,0.0143645,0.00747761,0.115429,0.19641,0.0019787,0.0828498
#[v_choice,27]
%0.126214,0.0863665,0.0126942,0,0.0271529,0.223301,0.338757,0.0204668,0.165048
#[v_choice,28]
%0.493493,0.211588,0.0142995,0.00661484,0.00573485,0.0906773,0.147248,0,0.0303442
#[v_choice,29]
%0.814949,0.0117569,0.00143982,0,0,6.3619e-07,0.144171,0,0.0276819
#[v_choice,30]
%0.299173,0.600818,0,0,0,0.100008,0,0,0
#[v_choice,31]
%0.35796,0.352709,0,0,0.0203597,0.0443443,0.133759,0.00120732,0.0896613
#[v_choice,32]
%0.271927,0.175924,0.0237024,0.00825407,0.00748244,0.169805,0.215834,0.00145799,0.125614
#[v_choice,33]
%0.307526,0.194185,0.0503479,0.00662347,0,0.0854066,0.250878,0.00292123,0.102112
#[v_choice,34]
%0.219933,0.165285,0.0538617,0,0.00939059,0.155984,0.235709,0,0.159836
#[v_choice,35]
%0.3567,0.280389,0.0304051,0.0159739,0.0070377,0.0781591,0.137083,0.00129387,0.0929589
#[v_choice,36]
%0.0468045,0.52284,0.00797942,0.011905,0.00758684,0.241456,0.00468323,0,0.156745
#[v_choice,37]
%0,9.43908e-09,0,0,0,2.42592e-16,1,0,8.06266e-16
#[v_choice,38]
%0,0,0,0,0,0,0,0,0
#[v_choice,39]
%0,0.039829,0,0,0.00749118,0.425883,0.290196,0,0.236601
#[v_choice,40]
%0.279881,0.197203,0.0633748,0.0113663,0.00909463,0.146133,0.18092,0.00211978,0.109907
#[v_choice,41]
%0.206284,0.159679,0.0238837,0.00647925,0.0040843,0.116828,0.316268,0,0.166493
#[v_choice,42]
%0.134268,0.133566,0.0402743,0.00484825,0,0.117856,0.385378,0,0.183809
#[v_choice,43]
%0.224019,0.259772,0.0187076,0.043854,0,0.0758727,0.155152,0.0050561,0.217567
#[v_choice,44]
%0.279559,0.253835,0.0468487,0.0247986,0.00271477,2.49634e-05,0.272095,0.00240888,0.117716
#[v_choice,45]
%0.152891,0.140367,0.0236593,0.00780879,0.00953939,0.137745,0.359894,0.00288212,0.165214
#[v_choice,46]
%0,0,0,0,0,0,0,0,0
#[v_choice,47]
%0.363267,0.222457,0.0165646,0.0106242,0.00794093,0.0803568,0.210668,0.00195444,0.0861674
#[v_choice,48]
%0.351409,0.225905,0.0123323,0.0144354,0.00813869,0.120201,0.174121,0.00235804,0.091099
#[v_choice,49]
%0,0,0,0,0,0,0,0,0
#[v_choice,50]
%0,0.137316,0.00772117,0,0,0.0954615,0.48554,0.0301104,0.243852
#[v_choice,51]
%0.148609,0.141966,0.026363,0,0,0.170271,0.223445,8.11633e-06,0.289338
#[v_choice,52]
%0,0,0,0,0,0,0,0,0
#[v_choice,53]
%0.253014,0.189546,0.0128745,0.0173007,0.00689365,0.0878198,0.283155,0,0.149395
#[v_choice,54]
%0,0,0,0,0,0,1,0,0
#[v_choice,55]
%0.225091,0.123887,0.0297524,0.00719056,0.00954283,0.0680187,0.322843,0.0029878,0.210686
#[v_choice,56]
%0.363157,0.209751,0.0113014,0,0,0.057895,0.231579,0,0.126316
#[v_choice,57]
%0.328733,0.229301,0.0253515,0.0128202,0.00727908,0.0985366,0.231367,0.00121635,0.0653957
#[v_choice,58]
%0.375,0.268002,0.117284,0,0.0160293,0.0460526,0.177632,0,0
#[v_choice,59]
%0.280831,0.322637,1.77661e-07,0.000810965,0,0.16959,0.215942,0.00284315,0.00734614
#[v_choice,60]
%0.368966,0.299896,0,0.00495008,0,0.0694366,0.256751,0,0
#[v_choice,61]
%0.396263,0.00765914,0.169574,0.0373233,0,0,0.216872,0,0.172308
#[v_choice,62]
%0.25139,0.201693,0.0126516,0.00456854,0,0.0774439,0.239979,0,0.212274
@v_3_del
$Dim[63,21]
#[v_choice,0]
%0,7.53588e-07,0.000929762,0.0102806,0,0.330868,0,0.6227,0.022225,2.94008e-09,0.0110197,0,0,0,0.00197677,2.42107e-13,0,0,1.65345e-16,1.11098e-16,2.83635e-14
#[v_choice,1]
%0,0,0,0.00177065,0,0.00101964,0,0.923416,0.0107186,0.00446127,0.00010237,0.000294447,0.0111932,0.00813545,6.20241e-07,0.0133303,0,0,0.00578594,0.0108224,0.00894912
#[v_choice,2]
%6.44261e-07,0,0,0,0.041727,0.253926,0.0386204,0.56546,0.0315877,0.0401706,0.0107758,0.0164405,0,0,1.76747e-08,0.00122342,0,0,4.07108e-24,6.88684e-05,2.06361e-10
#[v_choice,3]
%0,0,0,0.00557978,0,0.284332,0.0193319,0.684919,0.00106628,1.50678e-05,0.000935762,0.000202943,1.84432e-06,3.96023e-08,0.000276342,0,0.00250798,0.00055417,0,0,0.000276744
#[v_choice,4]
%0,0,0,0,0,0.319261,4.68507e-06,0.63833,0.00972948,0.0173554,0.00417997,0.0068433,0,0,0,0.00270829,7.84802e-07,0,0.000950834,0,0.000635931
#[v_choice,5]
%0,0,0,0,0,0,0,0,0,0,0,0,0,0,0,0,0,0,0,0,0
#[v_choice,6]
%0,0,0,2.53406e-07,0,0.25858,0.0144678,0.710354,0,0.0165961,0,0,0,0,0,0,5.98271e-07,9.10854e-07,7.5444e-17,0,1.9392e-32
#[v_choice,7]
%0,0.000514513,0,0.0137634,0,0.212948,0.0223272,0.62945,0.0686364,0.030079,0.00134965,0.00844334,0.00100168,0.00155146,0.000456472,0.000496187,0.00260319,0,0.000162054,0.000524162,0.00569272
#[v_choice,8]
%2.25485e-05,3.05848e-05,6.17574e-07,0.0302169,0.010086,0.146247,0.000460855,0.544275,0.088317,0.045754,0.0758649,0.0179453,0.0183085,0.00282952,0.00101813,0.00249997,0.0032402,0.00298244,0.00165413,0.00153729,0.00670896
#[v_choice,9]
%0.000197837,0.000864859,6.80222e-05,0.00215648,0,0.239197,0.0215866,0.393711,0.110413,0.044561,0.0190841,0.0724397,0.0580772,0.000394331,0.0157856,0.00735941,0.00249991,0.00196004,0.00299732,0.000628778,0.00601741
#[v_choice,10]
%0,0,0,0.0167469,0.0508514,0.0636718,0.0272946,0.223062,0.0600519,0.31632,0.12476,0.0534045,0.0283811,0.00241793,0.00675072,0.0107496,0,0,0,0.00794944,0.0075879
#[v_choice,11]
%0,0,0,0,0,0,0,0,0,0,0,0,0,0,0,0,0,0,0,0,0
#[v_choice,12]
%0,0,0.000444999,0.0114994,0.00726137,0.0998327,0,0.211333,0.0349763,0.358786,0.146005,0.05431,0.0323121,0.00365229,0.00729797,0.0060241,0.00423201,0.0033582,0.00656309,0.00315403,0.00895796
#[v_choice,13]
%0,0,0,0,3.0565e-06,0.355003,0,0.62309,0.00241112,0.00762267,0,0.00734372,0,0,0,0.00155986,0,0,0.00296714,2.31173e-30,0
#[v_choice,14]
%0,0,0,0,0,0,0,1,1.98538e-15,3.77099e-36,1.10115e-50,0,0,0,0,0,0,0,0,0,0
#[v_choice,15]
%0,0,0,0.00409735,0,0.408791,0,0.551189,0.00737735,0.0106301,0,0.0131524,0.000521837,0,5.33629e-05,0.00232696,0,0.00186104,0,1.39313e-08,8.63986e-19
#[v_choice,16]
%0,0,0.00405804,0.0142761,0,0.30263,0.00140162,0.543394,0.0501112,0.0398287,0.00177197,0.0061998,0.0101234,0.00420481,0.000934713,0.00262131,0.000512184,0.00435872,0,0.00339758,0.0101766
#[v_choice,17]
%0,0,2.33537e-06,0.0160174,3.38198e-09,0.228028,0.0313423,0.429593,0.125073,0.0211624,0.0370281,0,0.0820853,0.000575835,0.0106753,0.0108848,0,0,0,0.00690916,0.000623626
#[v_choice,18]
%0,0,0,0.019355,0.00136282,0.229993,0,0.7031,0.0181167,0.00565099,0.00774316,0.00074234,0.00808426,0,0,0.00251989,0,0,0,0.00333184,8.81776e-24
#[v_choice,19]
%0,0,0,0.000581198,0,0.00113495,0,0.911576,0.00866117,0.00557342,1.50861e-05,0.000168508,0.0510628,0.00260932,2.90017e-05,0.00451659,0,0,0.00336519,0.00545917,0.00524801
#[v_choice,20]
%0,0,0,0.0245087,0.0215653,0.213348,0.00403146,0.477654,0.0911412,0.0507837,0.0340765,0.0331914,0,0.0185474,0,0.000268581,0,0.00574195,0,7.18765e-07,0.0251414
#[v_choice,21]
%0.0144878,0,0,7.68306e-06,0.0783992,0.176009,0.00715365,0.634926,0.0203121,0.0494431,0,0,0,0,0.0152558,0.00121966,0,0,1.66242e-06,0.00278412,0
#[v_choice,22]
%0,0,0,0,0.00251769,0.263695,0.0701265,0.651871,0.00375929,9.25535e-09,0,0,0,0,0.00350284,0,0.004528,0,0,5.09308e-13,1.84756e-53
#[v_choice,23]
%0,0,0,1,0,3.2573e-07,0,5.41675e-15,7.57086e-21,3.5599e-23,2.48933e-28,1.91752e-64,0,0,0,0,0,0,0,0,0
#[v_choice,24]
%0,0,0,0,0,0,0,1,2.13843e-12,1.78484e-21,3.92113e-42,0,0,0,0,0,0,0,0,0,0
#[v_choice,25]
%6.15368e-05,7.54418e-05,1.11437e-06,0.0528203,0.0187655,0.223521,0.0005719,0.562297,0.053601,0.0263403,0.0398545,0.00938421,0.0051954,0.00204362,0.000603226,9.97428e-05,0.000106346,0.000345082,0.000461192,0.000616937,0.00323448
#[v_choice,26]
%0.00080819,0.00257313,0.0003727,0.0116269,0,0.28699,0.0275963,0.509066,0.0670006,0.0255154,0.0109186,0.0444439,0.00976071,0.000125211,0.000307266,9.50305e-05,0,3.66254e-05,0.00129821,0.00128819,0.00017652
#[v_choice,27]
%0,0,0,0,0,0.375906,0.0505591,0.297661,0.11714,0.0272648,0.00144691,0.0503933,0.0378614,0,0.0203291,0,0,0,0.0114263,0,0.0100127
#[v_choice,28]
%0,0,1.42055e-05,0.0168326,2.52885e-05,0.310603,0.00344064,0.665864,0.000436266,0.00278445,1.44153e-07,3.60758e-14,0,0,4.23063e-19,1.54864e-14,1.2534e-21,0,4.40345e-35,2.1783e-44,2.52822e-44
#[v_choice,29]
%0,0,0,0,0.000335845,0.498842,1.97956e-05,0.500132,0.000670241,3.64881e-09,1.84014e-10,0,0,0,2.95167e-37,0,1.81514e-27,0,3.14564e-48,0,3.12242e-68
#[v_choice,30]
%0,0,0,0,0,0.00462208,0,0.995378,2.08328e-09,0,0,0,0,0,0,0,0,0,0,0,0
#[v_choice,31]
%0,0,0,0.0262904,0.0530691,0.183418,0.00714981,0.61891,0.0209035,0,0,0.075826,0,0.00976025,0.00467222,2.39774e-18,3.79797e-51,0,0,0,0
#[v_choice,32]
%0.00011487,1.73541e-08,0.000132368,0.00961659,0.000372989,0.215625,0.0443742,0.459975,0.0563057,0.0462037,0.136181,0.0150904,0.00781842,0.00431324,0.00119685,0.00065508,0.000240659,0.000203725,0.000417706,0.00043753,0.000724625
#[v_choice,33]
%0,0.000222003,0.000143248,0.014691,0.0146684,0.194861,0.00259417,0.467912,0.0601012,0.0414936,0.069859,0.0670387,0.0521016,0,0.000438057,0,0.00672318,8.12206e-06,0,0.00714109,3.09895e-06
#[v_choice,34]
%0,0.0037684,0.00193523,0.0498349,0.0181813,0.193498,0.0120224,0.286888,0.120859,0.0166829,0.0700799,0.100518,0.0425019,0.00390298,1.727e-09,0.0179531,2.47394e-05,0.00299646,0,2.12176e-05,0.0583317
#[v_choice,35]
%0,1.02571e-05,1.45527e-05,0.0717291,0.171068,0.172326,0.0386928,0.464152,0.0179696,0.00154248,0.0209977,0.00716102,0.022528,0.00248804,0.00373208,0,0.0017927,0,5.01653e-05,0.00109648,0.00264861
#[v_choice,36]
%0,0,0,0.0219015,0,0.1429,0.115475,0.664931,3.42605e-06,0.000455502,0.0119699,0.0295867,0.00714532,0.0028419,0,0,0,0.00262467,0,0.000164278,8.51885e-22
#[v_choice,37]
%0,0,0,0,0,0,0,0,0.999994,6.05247e-06,5.81326e-25,0,0,0,0,0,0,1.28002e-89,1.93254e-124,0,0
#[v_choice,38]
%0,0,0,0,0,0,0,0,0,0,0,0,0,0,0,0,0,0,0,0,0
#[v_choice,39]
%0,0,0,0.0614585,0.231951,0.023003,0.00299185,0.446229,0.128137,9.21458e-05,0.0697864,0.036352,0,0,0,0,8.42177e-42,2.07389e-34,0,0,0
#[v_choice,40]
%4.71813e-05,1.40755e-08,0.000207814,0.0185228,0.000399964,0.274062,0.0477752,0.464881,0.038011,0.0317872,0.10364,0.012295,0.00352028,0.00156105,0.00114009,0.000391167,0.000351914,0.000361477,0.000323412,0.000543461,0.000177747
#[v_choice,41]
%0.000184906,0,0,0.0153049,0.00920735,0.220544,0.0403825,0.545442,0.0353984,0.0212306,0.0322511,0.0384291,0.0250388,0.0152172,1.49374e-08,0,5.28058e-14,5.74439e-13,0,0.000930588,0.000439027
#[v_choice,42]
%0,0,7.01655e-07,0.0129477,0.000339691,0.22593,0.0135118,0.612321,0.0103864,0.00796532,0.0495815,0.0642888,0,0,0.000390507,0,0,0.00222108,0,0.000115215,5.39769e-18
#[v_choice,43]
%0,0,3.25825e-06,0.124934,0.18311,0.0918904,0.0240848,0.409048,0.0625894,0.00482284,0.0189099,0,0.059416,0.00269264,0.0184918,7.14163e-06,0,0,3.13916e-22,4.43602e-65,0
#[v_choice,44]
%0,0,0,0.00851582,6.02895e-05,0.324696,0.0935552,0.564573,0.000864424,0,0.00019032,0.00595477,0,0,0,0.000608863,0,0.000179221,0,0,0.000801482
#[v_choice,45]
%0.00311804,0,0.0125613,0.126009,0.102461,0.223965,0.0686781,0.240361,0.0966025,0.0297247,0.0266369,0.016885,0.0213753,0.00215475,0.00339391,0.00452148,0.0025231,0.00407925,0.0031999,0.00761369,0.00413536
#[v_choice,46]
%0,0,0,0,0,0,0,0,0,0,0,0,0,0,0,0,0,0,0,0,0
#[v_choice,47]
%0.00288884,1.99465e-05,1.11678e-05,0.123428,0.183457,0.273973,0.0482179,0.253605,0.0564434,0.0402528,0,0.00297241,0.00534591,0.00247453,0,0.00086263,0.000755158,0.000782748,0.00100301,0.000711541,0.00279551
#[v_choice,48]
%0,3.75872e-05,0.000233968,0.0340619,0.00236652,0.172545,0.0560869,0.4102,0.142042,0.0746304,0.0442946,0.00868012,0.0127359,0.00482127,0.0123554,0,0.00368773,0.0117277,0.00103937,0.0019972,0.00645671
#[v_choice,49]
%0,0,0,0,0,0,0,0,0,0,0,0,0,0,0,0,0,0,0,0,0
#[v_choice,50]
%0,0,0.00556925,0.109239,0.0624586,0.0715205,0.051592,0.136242,0.412558,0.0244711,0.0271046,0,0,0.0735281,0,0.0257162,0,0,3.30285e-07,4.09475e-13,0
#[v_choice,51]
%0,0,0.00458685,0.0747365,0.0158116,7.3386e-07,0.0735227,0.097731,0.451393,0.089571,0.0724056,1.41389e-10,0,0.0268439,0,0,0,0,0,0.0383252,0.0550716
#[v_choice,52]
%0,0,0,0,0,0,0,0,0,0,0,0,0,0,0,0,0,0,0,0,0
#[v_choice,53]
%0,0,0,0.129875,0.19236,0.235357,0.068394,0.278136,0.0462954,0,0.0404852,0.000440201,0.00499929,0,0,0.00365873,1.97502e-20,0,0,0,0
#[v_choice,54]
%0,0,0,0.254368,0,0,0.638812,0,0,0,0,0.106819,0,0,0,0,0,0,0,0,0
#[v_choice,55]
%0,2.51271e-05,0,0.018112,1.7876e-05,0.160448,0.0487217,0.547561,0.145613,0,0.0666668,0,0,0,0,0,0,0.0121749,0,0,0.00065904
#[v_choice,56]
%0,0,0,0.0211942,0,0.0988643,0,0.717718,0,0.0296527,0.0559755,0.0298904,0.00214013,0.0327656,0.00118622,0,0,0,0,0.0106124,3.71278e-17
#[v_choice,57]
%0,1.5114e-09,0.000122037,0.0174376,0,0.27097,0.0138609,0.567439,0.0462763,0.0325737,0.0125436,0.00888186,0.0190149,0.000189741,0.00403722,0.00178935,4.0299e-07,0.000592723,0.00215425,0.00044545,0.00167171
#[v_choice,58]
%0,0,0.00485198,0.0536174,0.186525,0.185798,0.00944172,0.483059,0.0561459,0,4.00986e-05,0.000349418,0,0.020171,2.27563e-22,0,0,0,0,0,0
#[v_choice,59]
%0,0,0,0,0.0398364,3.9034e-05,0.00349397,0.882771,0.0236614,0,0.000472335,0.0497262,0,0,0,2.38107e-16,4.69236e-42,0,0,0,0
#[v_choice,60]
%0,0,0,0,0,0.253263,0,0.57643,0.0510627,0,0.0766692,0,0,0,0,0.0138817,0,0.0286936,7.56812e-29,2.53395e-58,0
#[v_choice,61]
%0,0,0,0,0.256908,0.000955202,0.0576209,0.650038,0.00266288,0,0.0212163,0,0,0,0,0.010599,0,0,0,0,0
#[v_choice,62]
%0,0,0,0.00816533,0.0845472,0.0519579,0.014198,0.747614,0.02279,0,0.00116549,0.0627021,0,0,0,0,0,0,0.00685951,2.48724e-35,0
@j_5_del
$Dim[9,23]
#[j_choice,0]
%8.33514e-31,0.000185826,0.013659,0.0597627,0.262956,0.0612617,0.34396,0.159223,0.0858813,0.00442108,0.00762265,0.00093634,7.53878e-06,1.06242e-109,9.06756e-06,2.17921e-10,8.27234e-06,5.30548e-05,4.94883e-14,2.32158e-08,3.51784e-06,3.66438e-05,1.2016e-05
#[j_choice,1]
%0.00152307,0,0.0038345,0.0550817,4.74443e-70,0.624531,0.0733732,0.104287,0.0112057,0.121714,0.000201104,0.0013901,0.0028574,3.83505e-26,1.95569e-103,4.19523e-107,1.76134e-07,1.39333e-62,3.19422e-50,3.23507e-08,1.43872e-06,1.34212e-58,1.21816e-28
#[j_choice,2]
%0,0,0,2.71134e-06,0.0113423,0,0.146881,0.0348746,0.765789,0.00439361,0.0354901,0.00101355,1.33545e-52,6.5709e-156,4.49651e-82,9.81114e-05,4.22129e-06,1.8182e-48,0.00011106,0,2.48149e-77,8.17437e-147,2.26631e-07
#[j_choice,3]
%0,0,0,0,0,0.714829,0,0.162377,0.0488455,2.23842e-93,0,0.0497156,0.0242294,1.08252e-43,4.83399e-70,6.36961e-81,0,4.38996e-101,3.41956e-99,2.60613e-06,9.34584e-09,8.60519e-49,0
#[j_choice,4]
%0,0,0.055043,0.10493,0.0223665,0.464106,0.000794662,0.262454,0.0281572,0.0278588,0,0.0213435,0.00339431,1.98121e-34,2.95508e-68,1.51241e-79,1.28277e-88,8.93679e-88,2.40238e-95,0.000860134,0.00725349,0.00130011,0.00013799
#[j_choice,5]
%1.35123e-05,3.05755e-06,0.0174807,0.038275,0.351458,0.12288,0.220021,0.0362946,0.15688,0.0122623,0.0333883,0.0110101,7.2758e-28,1.42352e-44,1.08295e-47,3.35474e-67,0,3.39543e-57,3.33142e-05,1.17741e-32,2.39346e-56,1.16144e-51,8.06439e-74
#[j_choice,6]
%0.00231908,0,0.0127321,0.0398594,0.317346,0.0939642,0.365495,0.0532058,0.0844412,0.00893051,0.0198233,0.00184627,8.62994e-06,1.61898e-05,5.50625e-10,4.78743e-08,2.47627e-38,5.57664e-86,2.94431e-45,2.28042e-10,5.85079e-18,1.13332e-08,1.18236e-05
#[j_choice,7]
%0,0,0,0,0,0.334177,0,0,0,0.0897866,1.0365e-05,0.50166,0.00137992,1.35289e-08,7.51085e-08,1.47302e-05,0.000463555,2.27831e-15,4.29105e-136,0.009572,0.0611872,0.00171727,3.13828e-05
#[j_choice,8]
%0,0,0.00859771,0.103623,0.404545,0.172299,0.132559,0.0706135,0.0694572,0.0139093,0.0204159,0.0039079,9.01635e-31,0,7.43585e-65,1.29995e-71,1.11939e-05,3.71128e-05,3.08074e-26,2.46325e-05,1.26684e-30,2.16646e-61,7.14328e-73
@vj_ins
$Dim[41]
#
%0.372644,0.123227,0.252153,0.100952,0.0880768,0.0209904,0.013797,0.0124206,0.00486841,0.00292634,0.0020571,0.00169788,0.00078113,0.000997222,0.000704513,0.000202409,0.000259071,0.000474223,4.98401e-05,5.68444e-05,0.000143816,4.73587e-05,0.000145659,3.25559e-05,1.97196e-05,3.50575e-05,3.06802e-05,4.12442e-05,0,7.07662e-05,0,0,0,0,0,0,9.65627e-05,0,0,0,0
@vj_dinucl
$Dim[16]
#
%0.215057,0.296966,0.295602,0.192375,0.0903496,0.490523,0.165269,0.253858,0.220429,0.124135,0.49782,0.157617,0.0825334,0.464348,0.131688,0.321431
